INTAKE TERM CODE,ADMIT TERM CODE,INTAKE COLLEGE EXPERIENCE,PRIMARY PROGRAM CODE,SCHOOL CODE,STUDENT LEVEL NAME,time and fund,MAILING POSTAL CODE GROUP 3,GENDER,DISABILITY IND,FUTURE TERM ENROL,ACADEMIC PERFORMANCE,EXPECTED GRAD TERM CODE,failure,FIRST YEAR PERSISTENCE COUNT,HS AVERAGE MARKS,ENGLISH TEST SCORE,AGE GROUP LONG NAME,FIRST GENERATION IND,effective academic history,APPLICANT TARGET SEGMENT NAME
0,0,3,123.0,0,1,-0.12741897525911247,60.0,0,0,0,2.0,0,1.0,0,74.0,160.0,2.0,1,0,0.0
0,0,3,136.0,3,1,-0.12741897525911247,53.0,0,0,56,1.0,1,0.0,1,97.0,170.0,1.0,1,0,2.0
1,1,1,58.0,1,1,1.0021134392975726,36.0,1,0,0,2.0,3,1.0,0,0.0,160.0,1.0,0,1,2.0
1,1,3,3.0,3,1,-0.12741897525911247,44.0,0,0,30,1.0,3,1.0,0,65.8,160.0,2.0,0,0,2.0
2,2,1,120.0,0,1,-0.12741897525911247,48.0,0,1,75,1.0,2,0.0,1,0.0,160.0,3.0,1,1,2.0
2,2,3,75.0,5,1,-0.12741897525911247,31.0,1,0,44,1.0,2,1.0,1,65.8,160.0,1.0,0,0,2.0
2,2,3,54.0,1,1,-0.12741897525911247,38.0,0,1,103,1.0,3,0.0,1,75.0,140.0,1.0,1,0,0.0
2,2,3,6.0,3,1,-0.12741897525911247,75.0,0,1,0,1.0,2,0.0,0,65.8,140.0,0.0,0,0,0.0
2,2,3,22.0,4,1,-0.12741897525911247,37.0,0,0,30,2.0,2,1.0,1,0.0,140.0,1.0,1,1,2.0
3,3,1,70.0,1,1,-0.12741897525911247,48.0,0,0,7,2.0,2,1.0,1,0.0,160.0,2.0,1,1,2.0
3,3,3,4.0,3,1,-0.12741897525911247,33.0,0,1,30,2.0,4,1.0,0,0.0,160.0,2.0,1,1,2.0
3,3,3,112.0,2,1,-0.12741897525911247,55.0,0,0,0,2.0,5,1.0,0,46.0,170.0,1.0,1,0,0.0
3,3,3,14.0,3,1,-0.12741897525911247,11.0,1,0,0,1.0,2,0.0,1,66.0,142.0,0.0,1,0,0.0
3,3,0,56.0,1,1,-0.12741897525911247,31.0,1,0,49,2.0,3,1.0,1,0.0,160.0,3.0,0,1,2.0
3,3,0,2.0,3,1,-0.12741897525911247,36.0,1,0,104,0.0,4,0.0,1,0.0,160.0,3.0,0,1,2.0
4,4,3,44.0,1,1,-0.12741897525911247,47.0,1,0,30,2.0,4,1.0,1,65.0,160.0,2.0,0,0,2.0
4,4,1,7.0,3,1,-0.12741897525911247,38.0,0,1,0,1.0,5,0.0,0,0.0,140.0,1.0,1,1,2.0
4,3,1,41.0,1,1,-0.12741897525911247,33.0,0,1,0,2.0,6,1.0,0,0.0,160.0,2.0,1,1,2.0
4,4,3,127.0,6,1,-0.12741897525911247,33.0,1,0,0,2.0,5,1.0,0,65.8,160.0,2.0,1,0,2.0
4,4,3,7.0,3,1,-0.12741897525911247,37.0,0,0,0,1.0,5,1.0,0,53.0,160.0,1.0,0,0,0.0
4,4,0,53.0,1,1,-0.12741897525911247,56.0,0,0,0,2.0,5,1.0,0,0.0,160.0,1.0,1,1,2.0
4,4,0,22.0,4,1,-0.12741897525911247,61.0,0,0,35,1.0,4,0.0,1,0.0,160.0,2.0,0,1,2.0
4,4,3,61.0,1,1,-0.12741897525911247,37.0,0,0,50,1.0,5,0.0,1,57.0,170.0,2.0,1,0,0.0
4,4,3,104.0,5,1,-0.12741897525911247,39.0,1,0,0,2.0,6,1.0,0,0.0,170.0,0.0,0,1,2.0
4,4,3,123.0,0,1,-0.12741897525911247,33.0,0,0,0,2.0,4,1.0,0,50.0,140.0,1.0,0,0,0.0
4,4,3,120.0,0,1,-0.12741897525911247,35.0,1,0,30,2.0,4,1.0,1,0.0,160.0,1.0,0,1,2.0
4,4,3,17.0,4,1,-0.12741897525911247,76.0,0,0,0,2.0,5,1.0,0,0.0,160.0,1.0,0,1,2.0
5,5,3,45.0,1,1,-0.12741897525911247,41.0,0,0,19,1.0,5,0.0,1,50.0,170.0,2.0,1,0,2.0
5,5,4,123.0,0,1,-0.12741897525911247,60.0,0,0,30,2.0,5,1.0,1,0.0,160.0,3.0,1,1,2.0
5,5,1,4.0,3,1,-0.12741897525911247,44.0,0,0,30,1.0,6,1.0,0,0.0,160.0,3.0,0,1,2.0
5,5,3,4.0,3,1,-0.12741897525911247,38.0,0,0,66,1.0,6,1.0,1,71.0,160.0,3.0,1,0,0.0
5,5,0,3.0,3,1,-0.12741897525911247,11.0,0,0,0,0.0,7,1.0,0,88.0,160.0,2.0,0,0,2.0
5,5,0,139.0,3,1,-0.12741897525911247,46.0,0,1,30,1.0,6,1.0,0,0.0,131.0,1.0,0,1,2.0
5,5,0,120.0,0,1,-0.12741897525911247,31.0,0,0,30,0.0,5,0.0,1,0.0,170.0,1.0,0,1,2.0
5,5,0,128.0,6,1,-0.12741897525911247,31.0,1,0,66,1.0,6,0.0,1,67.0,140.0,1.0,0,0,0.0
5,5,3,7.0,3,1,1.0021134392975726,37.0,0,1,56,1.0,6,0.0,1,76.0,160.0,1.0,1,0,0.0
5,5,1,4.0,3,1,-0.12741897525911247,37.0,0,0,5,1.0,6,0.0,0,57.0,170.0,2.0,1,0,2.0
5,5,0,9.0,3,1,-0.12741897525911247,26.0,1,0,0,2.0,5,1.0,0,0.0,140.0,2.0,0,1,2.0
5,5,0,61.0,1,1,-0.12741897525911247,41.0,0,0,30,2.0,6,1.0,0,0.0,170.0,2.0,0,1,2.0
5,5,0,120.0,0,1,-0.12741897525911247,14.0,0,0,47,1.0,5,0.0,1,0.0,170.0,1.0,0,1,2.0
5,5,0,16.0,4,1,-0.12741897525911247,31.0,0,0,62,1.0,7,0.0,1,59.0,160.0,0.0,0,0,0.0
5,5,3,2.0,3,1,-0.12741897525911247,83.0,0,1,1,0.0,6,0.0,0,66.0,160.0,0.0,0,0,0.0
5,5,3,3.0,3,1,-0.12741897525911247,41.0,0,0,71,0.0,7,0.0,1,54.0,160.0,2.0,1,0,0.0
5,5,3,1.0,3,1,-0.12741897525911247,43.0,1,0,30,2.0,6,1.0,0,57.0,170.0,1.0,0,0,0.0
5,5,3,125.0,6,1,-0.12741897525911247,0.0,1,0,56,0.0,6,0.0,1,76.0,161.0,2.0,0,0,2.0
5,5,0,135.0,6,1,-0.12741897525911247,35.0,1,0,36,2.0,6,1.0,1,53.0,160.0,2.0,0,0,2.0
5,5,0,128.0,6,1,-0.12741897525911247,59.0,1,0,0,2.0,6,1.0,0,65.8,160.0,2.0,0,0,2.0
5,5,0,139.0,3,1,-0.12741897525911247,32.0,0,0,30,2.0,6,1.0,0,0.0,170.0,1.0,0,1,2.0
5,5,0,1.0,3,1,-0.12741897525911247,31.0,1,0,0,2.0,6,1.0,0,0.0,160.0,3.0,0,1,2.0
5,5,0,42.0,1,1,-0.12741897525911247,41.0,0,0,31,2.0,7,1.0,0,0.0,160.0,2.0,0,1,2.0
5,5,3,139.0,3,1,-0.12741897525911247,41.0,0,0,0,2.0,6,1.0,0,0.0,170.0,2.0,0,1,2.0
6,6,0,7.0,3,1,-0.12741897525911247,31.0,0,0,80,1.0,7,1.0,1,0.0,160.0,1.0,0,1,2.0
6,6,3,44.0,1,1,-0.12741897525911247,19.0,0,0,30,0.0,6,0.0,1,57.0,160.0,2.0,1,0,2.0
6,6,3,75.0,5,1,-0.12741897525911247,31.0,1,0,0,2.0,6,1.0,0,63.0,170.0,1.0,1,0,2.0
6,6,0,61.0,1,1,-0.12741897525911247,63.0,0,0,119,1.0,7,1.0,1,0.0,140.0,2.0,1,1,2.0
6,6,0,12.0,3,1,-0.12741897525911247,41.0,0,1,23,1.0,7,0.0,1,0.0,130.0,2.0,0,1,2.0
6,6,0,53.0,1,1,-0.12741897525911247,31.0,0,0,80,2.0,7,1.0,1,69.0,160.0,3.0,0,0,2.0
6,6,0,42.0,1,1,-0.12741897525911247,17.0,1,0,23,1.0,8,0.0,1,0.0,160.0,0.0,0,1,2.0
6,6,3,29.0,1,1,-0.12741897525911247,41.0,1,0,20,2.0,6,1.0,1,65.8,160.0,1.0,1,0,2.0
6,6,2,52.0,1,0,-0.12741897525911247,48.0,0,1,35,2.0,7,1.0,0,0.0,160.0,4.0,1,1,2.0
6,6,4,139.0,3,1,-0.12741897525911247,37.0,0,1,56,0.0,7,0.0,1,0.0,160.0,2.0,1,1,2.0
6,6,3,4.0,3,1,-0.12741897525911247,9.0,0,1,93,1.0,7,0.0,1,65.8,160.0,2.0,1,0,2.0
6,6,3,1.0,3,1,-0.12741897525911247,39.0,1,1,49,2.0,7,1.0,1,68.0,160.0,1.0,0,0,0.0
6,6,1,5.0,3,1,-0.12741897525911247,31.0,0,0,0,1.0,7,1.0,0,0.0,160.0,1.0,0,1,2.0
6,6,2,4.0,3,1,-0.12741897525911247,61.0,0,0,0,2.0,7,1.0,0,0.0,160.0,3.0,0,1,2.0
6,6,0,113.0,2,1,-0.12741897525911247,60.0,1,0,30,2.0,6,1.0,1,0.0,160.0,1.0,1,1,2.0
6,6,0,114.0,2,1,-0.12741897525911247,41.0,0,0,30,0.0,6,0.0,1,75.0,170.0,1.0,1,0,2.0
6,6,4,9.0,3,1,-0.12741897525911247,31.0,0,0,66,1.0,6,0.0,1,0.0,140.0,1.0,0,1,2.0
6,6,1,3.0,3,1,-0.12741897525911247,37.0,0,1,30,1.0,8,0.0,0,0.0,160.0,1.0,1,1,2.0
6,6,4,9.0,3,1,-0.12741897525911247,36.0,0,0,114,1.0,6,0.0,1,0.0,140.0,2.0,0,1,2.0
6,6,0,120.0,0,1,-0.12741897525911247,34.0,0,0,76,0.0,6,0.0,1,65.8,160.0,2.0,1,0,2.0
6,6,0,139.0,3,1,-0.12741897525911247,34.0,0,0,6,0.0,7,0.0,0,65.0,160.0,1.0,0,0,0.0
6,6,0,3.0,3,1,-0.12741897525911247,33.0,1,0,0,2.0,8,1.0,0,65.0,160.0,1.0,0,0,2.0
6,6,0,139.0,3,1,-0.12741897525911247,60.0,0,0,56,0.0,7,0.0,1,0.0,160.0,2.0,1,1,2.0
6,6,0,2.0,3,1,-0.12741897525911247,32.0,1,0,53,1.0,7,1.0,1,0.0,160.0,3.0,0,1,2.0
6,6,0,0.0,3,1,-0.12741897525911247,34.0,0,0,26,0.0,7,0.0,1,68.0,170.0,1.0,0,0,0.0
6,6,4,29.0,1,1,-0.12741897525911247,41.0,1,0,30,2.0,6,1.0,1,0.0,160.0,1.0,0,1,2.0
6,6,0,3.0,3,1,-0.12741897525911247,31.0,0,1,66,0.0,8,0.0,1,88.0,160.0,0.0,0,0,0.0
6,6,0,82.0,5,1,-0.12741897525911247,33.0,0,0,106,1.0,8,0.0,1,82.0,170.0,0.0,0,0,0.0
6,6,0,9.0,3,1,-0.12741897525911247,54.0,0,0,66,0.0,6,0.0,1,69.0,140.0,0.0,1,0,0.0
6,6,3,30.0,4,1,-0.12741897525911247,3.0,1,0,30,2.0,6,0.0,1,55.0,140.0,0.0,0,0,0.0
6,6,0,3.0,3,1,-0.12741897525911247,23.0,0,0,66,0.0,8,0.0,1,57.0,170.0,2.0,0,0,2.0
6,6,0,1.0,3,1,-0.12741897525911247,5.0,1,0,58,2.0,7,1.0,1,65.8,160.0,2.0,1,0,2.0
6,6,3,3.0,3,1,-0.12741897525911247,33.0,0,0,35,1.0,8,0.0,0,66.0,160.0,0.0,1,0,0.0
6,6,3,54.0,1,1,-0.12741897525911247,38.0,0,0,40,2.0,7,1.0,0,33.0,160.0,2.0,1,0,2.0
6,6,0,4.0,3,1,-0.12741897525911247,46.0,0,1,103,0.0,7,0.0,1,65.8,170.0,2.0,0,0,2.0
6,6,3,22.0,4,1,-0.12741897525911247,31.0,1,1,30,1.0,6,0.0,1,65.8,158.0,1.0,1,0,2.0
6,6,3,56.0,1,1,-0.12741897525911247,35.0,0,0,31,2.0,6,1.0,1,65.8,130.0,2.0,0,0,2.0
6,6,0,50.0,1,1,-0.12741897525911247,39.0,1,1,30,2.0,8,1.0,0,0.0,170.0,2.0,0,1,2.0
6,6,0,2.0,3,1,-0.12741897525911247,60.0,0,0,56,0.0,7,0.0,1,0.0,170.0,3.0,1,1,2.0
6,6,0,51.0,1,1,-0.12741897525911247,20.0,1,0,67,0.0,8,0.0,1,65.8,160.0,2.0,1,0,2.0
6,6,0,9.0,3,1,-0.12741897525911247,36.0,0,1,17,1.0,6,0.0,0,0.0,160.0,2.0,0,1,2.0
6,6,0,0.0,3,1,-0.12741897525911247,48.0,0,1,67,1.0,7,0.0,1,65.8,170.0,2.0,1,0,2.0
6,6,3,29.0,1,1,-0.12741897525911247,33.0,1,0,30,2.0,6,0.0,1,0.0,140.0,2.0,1,1,2.0
7,7,3,9.0,3,1,-0.12741897525911247,19.0,0,0,100,1.0,7,0.0,1,0.0,140.0,3.0,0,1,2.0
7,7,0,9.0,3,1,-0.12741897525911247,33.0,0,1,2,1.0,7,0.0,0,0.0,140.0,2.0,1,1,2.0
7,7,4,2.0,3,1,-0.12741897525911247,14.0,0,0,101,1.0,8,0.0,1,0.0,170.0,2.0,0,1,2.0
7,7,1,60.0,1,1,1.0021134392975726,41.0,0,0,0,1.0,8,0.0,0,0.0,170.0,2.0,0,1,2.0
7,7,0,2.0,3,1,2.843340448969755,66.0,1,0,0,2.0,8,1.0,0,65.8,170.0,3.0,1,0,2.0
7,7,0,30.0,4,1,-0.12741897525911247,8.0,1,0,0,2.0,7,1.0,0,0.0,140.0,2.0,1,1,2.0
7,7,0,62.0,1,1,2.843340448969755,53.0,1,0,95,1.0,8,0.0,1,0.0,160.0,3.0,1,1,2.0
7,7,0,114.0,2,1,-0.12741897525911247,33.0,0,0,0,2.0,7,1.0,0,49.0,160.0,2.0,1,0,0.0
7,7,0,9.0,3,1,-0.12741897525911247,36.0,1,0,22,2.0,7,0.0,1,65.8,161.0,0.0,0,0,2.0
7,6,1,120.0,0,1,-0.12741897525911247,48.0,0,1,24,1.0,7,0.0,1,65.8,170.0,2.0,1,0,2.0
7,7,4,9.0,3,1,-0.12741897525911247,33.0,1,0,0,2.0,7,1.0,0,0.0,140.0,2.0,1,1,2.0
7,7,3,56.0,1,1,-0.12741897525911247,36.0,0,0,93,0.0,7,0.0,1,0.0,170.0,3.0,1,1,2.0
7,6,4,70.0,1,1,-0.12741897525911247,36.0,0,0,92,1.0,6,0.0,1,0.0,140.0,2.0,0,1,2.0
7,7,0,57.0,1,1,-0.12741897525911247,39.0,0,0,79,0.0,9,0.0,1,81.0,170.0,3.0,1,0,2.0
7,7,5,5.0,3,1,-0.12741897525911247,19.0,0,0,64,1.0,8,0.0,1,0.0,140.0,3.0,0,1,2.0
7,7,0,2.0,3,1,-0.12741897525911247,37.0,0,0,56,0.0,8,0.0,1,77.0,170.0,2.0,0,0,2.0
7,7,3,8.0,3,1,-0.12741897525911247,16.0,0,0,0,2.0,8,1.0,0,0.0,170.0,2.0,0,1,2.0
7,7,0,4.0,3,1,-0.12741897525911247,37.0,0,0,69,0.0,8,0.0,1,0.0,170.0,2.0,1,1,2.0
7,7,0,19.0,4,1,-0.12741897525911247,31.0,0,0,0,2.0,8,1.0,0,65.8,160.0,2.0,1,0,2.0
7,7,5,4.0,3,1,-0.12741897525911247,31.0,0,0,56,1.0,8,0.0,1,0.0,140.0,1.0,0,1,2.0
7,7,0,53.0,1,1,-0.12741897525911247,6.0,0,1,122,0.0,8,0.0,1,65.8,170.0,3.0,1,0,2.0
7,7,1,3.0,3,1,-0.12741897525911247,37.0,0,0,43,1.0,9,0.0,0,0.0,170.0,0.0,1,1,2.0
7,7,0,9.0,3,1,-0.12741897525911247,33.0,0,1,80,2.0,7,1.0,1,0.0,140.0,3.0,1,1,2.0
7,7,5,4.0,3,1,-0.12741897525911247,36.0,0,0,74,1.0,8,0.0,1,0.0,140.0,3.0,0,1,2.0
7,7,4,4.0,3,1,-0.12741897525911247,34.0,0,0,103,0.0,8,0.0,1,0.0,160.0,2.0,1,1,2.0
7,7,0,113.0,2,1,-0.12741897525911247,13.0,1,0,30,2.0,7,1.0,1,0.0,170.0,2.0,1,1,2.0
7,7,1,120.0,0,1,-0.12741897525911247,35.0,1,0,30,2.0,7,1.0,1,65.8,160.0,3.0,0,0,2.0
7,7,0,39.0,1,1,-0.12741897525911247,72.0,1,0,10,2.0,9,1.0,0,65.8,170.0,2.0,0,0,2.0
7,7,1,4.0,3,1,-0.12741897525911247,34.0,0,0,57,0.0,8,0.0,1,0.0,170.0,1.0,1,1,2.0
7,7,5,4.0,3,1,-0.12741897525911247,54.0,0,0,56,0.0,8,0.0,1,65.8,140.0,0.0,1,0,2.0
7,7,0,120.0,0,1,-0.12741897525911247,33.0,1,0,0,2.0,7,1.0,0,0.0,170.0,1.0,1,1,2.0
7,7,4,57.0,1,1,-0.12741897525911247,26.0,1,0,69,1.0,9,0.0,1,65.8,160.0,2.0,0,0,2.0
7,7,3,2.0,3,1,-0.12741897525911247,14.0,0,0,30,2.0,8,1.0,0,65.8,160.0,2.0,0,0,2.0
7,7,0,2.0,3,1,-0.12741897525911247,76.0,0,0,56,0.0,8,0.0,1,65.8,160.0,1.0,0,0,2.0
7,7,1,118.0,2,1,-0.12741897525911247,20.0,1,1,66,0.0,9,0.0,1,65.8,160.0,2.0,1,0,2.0
7,7,0,51.0,1,1,-0.12741897525911247,33.0,1,0,49,2.0,9,1.0,1,0.0,161.0,2.0,1,1,2.0
7,7,4,1.0,3,1,-0.12741897525911247,36.0,1,0,56,2.0,8,0.0,1,0.0,161.0,1.0,0,1,2.0
7,7,0,2.0,3,1,-0.12741897525911247,74.0,0,0,103,0.0,8,0.0,1,65.8,171.0,3.0,0,0,2.0
7,7,4,2.0,3,1,-0.12741897525911247,36.0,0,1,115,1.0,8,0.0,1,0.0,160.0,2.0,0,1,2.0
7,7,4,0.0,3,1,-0.12741897525911247,48.0,0,1,66,1.0,8,0.0,1,0.0,170.0,2.0,1,1,2.0
7,7,0,139.0,3,1,-0.12741897525911247,10.0,0,0,45,1.0,8,0.0,0,65.8,141.0,2.0,0,0,2.0
7,7,0,12.0,3,1,-0.12741897525911247,33.0,0,0,56,0.0,8,0.0,1,72.0,170.0,1.0,1,0,0.0
7,7,0,95.0,5,1,-0.12741897525911247,41.0,1,0,103,2.0,9,1.0,1,73.0,140.0,1.0,0,0,2.0
7,7,0,139.0,3,1,-0.12741897525911247,31.0,0,0,57,0.0,8,0.0,1,82.0,170.0,0.0,0,0,0.0
7,7,0,77.0,5,1,-0.12741897525911247,41.0,1,1,125,1.0,8,0.0,1,74.0,161.0,0.0,0,0,0.0
7,7,0,3.0,3,1,-0.12741897525911247,31.0,1,0,30,2.0,9,1.0,0,47.0,160.0,2.0,0,0,2.0
7,7,3,61.0,1,1,-0.12741897525911247,32.0,0,0,56,1.0,8,0.0,1,73.0,160.0,1.0,0,0,0.0
7,7,3,119.0,0,1,-0.12741897525911247,34.0,1,0,0,1.0,8,1.0,0,85.0,130.0,1.0,1,0,2.0
7,7,0,1.0,3,1,-0.12741897525911247,30.0,0,0,56,1.0,8,0.0,1,0.0,170.0,3.0,0,1,2.0
7,7,0,8.0,3,1,-0.12741897525911247,33.0,0,0,0,2.0,8,1.0,0,0.0,160.0,2.0,1,1,2.0
7,7,0,55.0,1,1,-0.12741897525911247,62.0,0,0,56,0.0,8,0.0,1,0.0,160.0,2.0,1,1,2.0
7,7,0,114.0,2,1,-0.12741897525911247,57.0,0,0,0,2.0,7,1.0,0,0.0,160.0,2.0,1,1,2.0
7,7,0,44.0,1,1,-0.12741897525911247,13.0,1,0,30,2.0,7,1.0,1,0.0,170.0,2.0,1,1,2.0
7,7,0,129.0,6,1,-1.1176721166687351,81.0,1,0,115,0.0,8,0.0,1,65.8,171.0,2.0,0,0,2.0
7,7,0,1.0,3,1,-0.12741897525911247,54.0,0,0,0,2.0,8,1.0,0,0.0,160.0,1.0,1,1,2.0
7,7,0,128.0,6,1,-0.12741897525911247,81.0,1,0,0,2.0,8,1.0,0,0.0,170.0,1.0,0,1,2.0
7,7,0,8.0,3,1,-0.12741897525911247,41.0,1,0,0,0.0,8,1.0,0,0.0,170.0,1.0,0,1,2.0
7,7,0,1.0,3,1,-0.12741897525911247,31.0,1,0,30,1.0,8,1.0,0,0.0,160.0,3.0,0,1,2.0
7,7,0,51.0,1,1,-0.12741897525911247,43.0,1,0,30,2.0,9,1.0,0,0.0,170.0,2.0,0,1,2.0
7,7,0,19.0,4,1,-0.12741897525911247,38.0,1,0,57,2.0,8,1.0,1,19.0,160.0,2.0,0,0,2.0
7,7,0,8.0,3,1,-0.12741897525911247,34.0,1,0,56,0.0,8,1.0,1,0.0,160.0,2.0,1,1,2.0
7,7,0,139.0,3,1,-0.12741897525911247,51.0,0,1,49,2.0,8,1.0,1,0.0,160.0,2.0,1,1,2.0
7,7,0,5.0,3,1,-0.12741897525911247,43.0,0,0,56,0.0,8,1.0,1,0.0,170.0,3.0,0,1,2.0
7,7,0,40.0,1,1,-0.12741897525911247,59.0,1,1,96,2.0,9,1.0,1,58.0,161.0,3.0,1,0,2.0
8,8,0,114.0,2,1,-0.12741897525911247,39.0,1,0,80,2.0,8,1.0,1,0.0,140.0,3.0,0,1,2.0
8,8,0,2.0,3,1,-0.12741897525911247,32.0,1,0,93,0.0,9,0.0,1,0.0,170.0,2.0,0,1,2.0
8,8,4,9.0,3,1,-0.12741897525911247,33.0,0,1,30,2.0,8,1.0,1,0.0,140.0,3.0,1,1,2.0
8,8,0,137.0,3,1,-0.12741897525911247,73.0,0,0,0,2.0,8,1.0,0,0.0,160.0,2.0,0,1,2.0
8,8,4,23.0,4,1,-0.12741897525911247,37.0,0,0,103,1.0,9,0.0,1,0.0,170.0,2.0,1,1,2.0
8,8,1,137.0,3,1,-0.12741897525911247,10.0,0,0,14,1.0,8,0.0,0,65.8,141.0,2.0,0,0,2.0
8,8,0,2.0,3,1,-0.12741897525911247,42.0,0,1,93,0.0,9,0.0,1,65.8,170.0,2.0,0,0,2.0
8,8,0,12.0,3,1,-0.12741897525911247,54.0,1,0,0,2.0,9,1.0,0,67.0,161.0,1.0,1,0,0.0
8,8,0,61.0,1,1,-0.12741897525911247,42.0,0,1,115,1.0,9,0.0,1,51.0,170.0,0.0,0,0,0.0
8,8,0,137.0,3,1,-0.12741897525911247,5.0,0,0,97,1.0,8,0.0,1,0.0,160.0,0.0,1,1,2.0
8,8,0,2.0,3,1,-0.12741897525911247,39.0,0,0,0,2.0,9,1.0,0,65.8,130.0,2.0,0,0,2.0
8,8,3,63.0,1,1,-0.12741897525911247,1.0,1,0,20,2.0,9,1.0,1,78.0,160.0,1.0,0,0,2.0
8,8,1,70.0,1,1,-0.12741897525911247,6.0,0,1,115,0.0,7,0.0,1,65.8,170.0,3.0,1,0,2.0
8,8,1,70.0,1,1,-0.12741897525911247,5.0,0,0,87,1.0,7,0.0,1,0.0,160.0,1.0,1,1,2.0
8,8,4,4.0,3,1,-0.12741897525911247,53.0,0,0,30,2.0,9,1.0,0,0.0,160.0,3.0,1,1,2.0
8,8,4,114.0,2,1,-0.12741897525911247,39.0,1,0,0,2.0,8,1.0,0,0.0,140.0,3.0,0,1,2.0
8,8,1,4.0,3,1,-0.12741897525911247,14.0,0,0,57,1.0,9,0.0,1,0.0,170.0,2.0,0,1,2.0
8,8,0,3.0,3,1,-0.12741897525911247,37.0,0,0,47,1.0,10,0.0,0,0.0,130.0,1.8,1,1,2.0
8,8,1,124.0,0,1,-0.12741897525911247,34.0,0,0,103,0.0,8,0.0,1,0.0,160.0,2.0,1,1,2.0
8,8,1,2.0,3,1,-0.12741897525911247,83.0,0,1,56,0.0,9,0.0,1,78.0,160.0,1.0,0,0,0.0
8,8,1,2.0,3,1,-0.12741897525911247,41.0,0,1,56,0.0,9,0.0,1,54.0,160.0,3.0,1,0,2.0
8,8,0,7.0,3,1,-0.12741897525911247,20.0,0,0,56,1.0,9,1.0,1,0.0,160.0,2.0,1,1,2.0
8,8,1,118.0,2,1,-0.12741897525911247,72.0,1,0,0,2.0,10,1.0,0,65.8,170.0,2.0,0,0,2.0
8,8,1,62.0,1,1,-0.12741897525911247,41.0,0,1,30,2.0,9,1.0,0,0.0,160.0,2.0,0,1,2.0
8,8,0,113.0,2,1,-0.12741897525911247,34.0,1,0,0,2.0,8,1.0,0,0.0,170.0,2.0,1,1,2.0
8,8,1,0.0,3,1,-0.12741897525911247,33.0,0,0,8,1.0,9,0.0,0,66.0,160.0,1.0,1,0,2.0
8,8,0,30.0,4,1,-0.12741897525911247,14.0,1,0,95,2.0,8,1.0,1,0.0,140.0,2.0,0,1,2.0
8,8,4,0.0,3,1,1.0021134392975726,48.0,0,1,59,1.0,9,0.0,1,0.0,170.0,2.0,1,1,2.0
8,8,0,7.0,3,1,-0.12741897525911247,44.0,0,0,93,0.0,9,0.0,1,0.0,160.0,2.0,0,1,2.0
8,8,3,54.0,1,1,-0.12741897525911247,12.0,0,1,12,1.0,9,0.0,0,63.0,140.0,2.0,1,0,0.0
8,8,0,74.0,5,1,-0.12741897525911247,16.0,1,0,78,1.0,10,0.0,1,60.0,161.0,1.0,0,0,0.0
8,8,0,0.0,3,1,-0.12741897525911247,16.0,0,0,93,2.0,9,1.0,1,66.0,160.0,0.0,0,0,0.0
8,8,0,2.0,3,1,-0.12741897525911247,43.0,0,1,117,0.0,9,0.0,1,0.0,160.0,2.0,0,1,2.0
8,8,4,8.0,3,1,-0.12741897525911247,69.0,0,0,49,0.0,9,1.0,1,0.0,160.0,2.0,0,1,2.0
8,8,2,3.0,3,1,-0.12741897525911247,5.0,0,0,49,1.0,10,0.0,1,0.0,160.0,1.0,1,1,2.0
8,8,0,57.0,1,1,-0.12741897525911247,31.0,1,0,67,1.0,10,0.0,1,70.0,160.0,0.0,1,0,0.0
8,8,0,101.0,5,1,-0.12741897525911247,31.0,1,0,112,2.0,9,0.0,1,72.0,160.0,0.0,1,0,0.0
8,8,1,4.0,3,1,-0.12741897525911247,38.0,1,0,35,2.0,9,1.0,0,0.0,160.0,2.0,1,1,2.0
8,8,0,17.0,4,1,-0.12741897525911247,32.0,0,0,56,2.0,9,1.0,1,0.0,170.0,2.0,0,1,2.0
8,8,0,83.0,5,1,-0.12741897525911247,47.0,0,0,93,2.0,10,1.0,1,86.0,160.0,0.0,1,0,0.0
8,8,0,8.0,3,1,-0.12741897525911247,37.0,0,0,67,1.0,9,0.0,1,63.0,170.0,0.0,1,0,0.0
8,8,0,4.0,3,1,-0.12741897525911247,35.0,0,0,111,0.0,9,0.0,1,48.0,140.0,1.0,0,0,0.0
8,8,0,4.0,3,1,-0.12741897525911247,33.0,0,0,56,0.0,9,0.0,1,62.0,170.0,1.0,0,0,0.0
8,8,0,3.0,3,1,-0.12741897525911247,31.0,0,1,71,1.0,10,1.0,1,79.0,170.0,0.0,0,0,0.0
8,8,3,8.0,3,1,-0.12741897525911247,45.0,0,0,30,2.0,9,1.0,0,69.0,140.0,0.0,0,0,0.0
8,8,0,21.0,4,1,-0.12741897525911247,31.0,0,0,56,2.0,9,1.0,1,62.0,140.0,0.0,1,0,0.0
8,8,3,9.0,3,1,-0.12741897525911247,33.0,0,0,31,2.0,8,1.0,1,61.0,140.0,1.0,1,0,2.0
8,8,0,4.0,3,1,-0.12741897525911247,31.0,0,0,103,0.0,9,0.0,1,86.0,140.0,1.0,1,0,0.0
8,8,3,98.0,5,1,-0.12741897525911247,45.0,1,0,0,2.0,10,1.0,0,66.0,130.0,0.0,1,0,0.0
8,8,0,9.0,3,1,-0.12741897525911247,31.0,1,0,30,2.0,8,1.0,1,0.0,140.0,3.0,0,1,2.0
8,8,0,139.0,3,1,-0.12741897525911247,52.0,0,0,30,1.0,9,1.0,0,0.0,160.0,2.0,1,1,2.0
8,8,0,141.0,3,1,-0.12741897525911247,47.0,1,0,30,2.0,9,1.0,0,0.0,160.0,2.0,0,1,2.0
8,8,3,80.0,5,1,-0.12741897525911247,31.0,0,0,10,2.0,9,1.0,0,0.0,170.0,2.0,0,1,2.0
8,8,0,8.0,3,1,-0.12741897525911247,64.0,1,1,31,2.0,9,1.0,0,0.0,160.0,2.0,1,1,2.0
8,8,0,9.0,3,1,-0.12741897525911247,38.0,1,0,0,2.0,8,1.0,0,0.0,140.0,2.0,1,1,2.0
8,8,0,19.0,4,1,-0.12741897525911247,46.0,1,0,30,0.0,9,1.0,0,0.0,160.0,2.0,0,1,2.0
8,8,0,139.0,3,1,-0.12741897525911247,33.0,0,0,30,2.0,9,1.0,0,0.0,170.0,2.0,1,1,2.0
8,8,0,44.0,1,1,-0.12741897525911247,36.0,0,0,111,1.0,8,0.0,1,0.0,160.0,2.0,0,1,2.0
8,8,0,139.0,3,1,-0.12741897525911247,31.0,0,0,66,2.0,9,1.0,1,0.0,160.0,2.0,0,1,2.0
8,8,0,71.0,5,1,-0.12741897525911247,31.0,1,0,30,2.0,8,1.0,1,0.0,140.0,3.0,0,1,2.0
8,8,0,17.0,4,1,-0.12741897525911247,31.0,0,0,56,2.0,9,1.0,1,0.0,160.0,2.0,0,1,2.0
8,8,0,4.0,3,1,-0.12741897525911247,34.0,1,0,67,0.0,9,0.0,1,0.0,160.0,2.0,1,1,2.0
8,8,0,19.0,4,1,-0.12741897525911247,33.0,1,0,49,2.0,9,1.0,1,0.0,170.0,1.0,1,1,2.0
8,8,0,139.0,3,1,-0.12741897525911247,32.0,0,0,0,2.0,9,1.0,0,0.0,160.0,1.0,0,1,2.0
8,8,0,118.0,2,1,-0.12741897525911247,54.0,1,1,49,1.0,10,1.0,1,0.0,161.0,3.0,1,1,2.0
8,8,1,51.0,1,1,-0.12741897525911247,13.0,1,0,0,2.0,10,1.0,0,0.0,170.0,4.0,1,1,2.0
9,9,1,7.0,3,1,-0.12741897525911247,38.0,0,1,123,1.0,10,0.0,1,0.0,140.0,2.0,1,1,2.0
9,9,3,54.0,1,1,-0.12741897525911247,56.0,0,0,93,0.0,10,0.0,1,63.0,140.0,2.0,1,0,2.0
9,9,0,41.0,1,1,-0.12741897525911247,32.0,1,0,30,2.0,11,1.0,0,0.0,160.0,2.0,0,1,2.0
9,9,1,49.0,1,1,-0.12741897525911247,33.0,0,0,24,1.0,11,0.0,1,0.0,170.0,1.0,1,1,2.0
9,9,4,21.0,4,1,-0.12741897525911247,14.0,1,0,85,2.0,10,1.0,1,0.0,140.0,2.0,0,1,2.0
9,9,1,137.0,3,1,-0.12741897525911247,10.0,0,0,59,1.0,9,0.0,1,0.0,141.0,3.0,0,1,2.0
9,8,1,7.0,3,1,-0.12741897525911247,44.0,0,0,80,0.0,10,0.0,1,0.0,160.0,2.0,0,1,2.0
9,9,0,7.0,3,1,-0.12741897525911247,32.0,0,1,0,2.0,10,1.0,0,85.0,160.0,2.0,0,0,2.0
9,9,1,20.0,4,1,-0.12741897525911247,38.0,1,0,7,2.0,9,1.0,0,0.0,160.0,2.0,1,1,2.0
9,9,3,142.0,3,1,-0.12741897525911247,34.0,0,0,29,1.0,9,0.0,1,88.0,161.0,3.0,1,0,0.0
9,9,3,81.0,5,1,-0.12741897525911247,16.0,1,0,0,2.0,11,1.0,0,57.0,141.0,0.0,0,0,0.0
9,9,0,7.0,3,1,-0.12741897525911247,53.0,0,0,0,2.0,10,1.0,0,0.0,160.0,1.0,1,1,2.0
9,9,1,21.0,4,1,-0.12741897525911247,33.0,0,0,0,2.0,10,1.0,0,0.0,170.0,2.0,1,1,2.0
9,9,4,71.0,5,1,-0.12741897525911247,31.0,1,0,0,2.0,9,1.0,0,0.0,140.0,3.0,0,1,2.0
9,9,1,70.0,1,1,-0.12741897525911247,38.0,0,1,121,1.0,8,0.0,1,0.0,140.0,2.0,1,1,2.0
9,9,1,67.0,1,0,-0.12741897525911247,6.0,0,1,80,0.0,10,0.0,1,0.0,170.0,3.0,1,1,2.0
9,9,1,23.0,4,1,-0.12741897525911247,36.0,0,0,30,1.0,10,1.0,0,0.0,140.0,3.0,0,1,2.0
9,9,1,113.0,2,1,-0.12741897525911247,32.0,1,0,0,2.0,9,1.0,0,0.0,160.0,2.0,0,1,2.0
9,9,2,31.0,1,1,-0.12741897525911247,38.0,0,1,118,1.0,9,0.0,1,0.0,140.0,3.0,1,1,2.0
9,9,0,116.0,2,1,-0.12741897525911247,31.0,1,0,56,0.0,10,0.0,1,59.0,160.0,3.0,0,0,2.0
9,9,0,40.0,1,1,-0.12741897525911247,34.0,0,0,30,2.0,11,1.0,0,0.0,160.0,3.0,1,1,2.0
9,9,1,4.0,3,1,-0.12741897525911247,38.0,0,0,80,2.0,10,1.0,1,0.0,160.0,3.0,1,1,2.0
9,9,2,3.0,3,1,1.0021134392975726,37.0,0,1,103,0.0,11,0.0,1,0.0,170.0,2.0,0,1,2.0
9,9,1,4.0,3,1,-0.12741897525911247,56.0,0,1,30,2.0,10,1.0,0,0.0,160.0,2.0,1,1,2.0
9,9,4,9.0,3,1,-0.12741897525911247,33.0,0,1,56,1.0,9,0.0,1,0.0,140.0,2.0,1,1,2.0
9,9,0,62.0,1,1,-0.12741897525911247,41.0,0,0,67,0.0,10,0.0,1,98.0,170.0,2.0,0,0,2.0
9,9,4,39.0,1,1,-0.12741897525911247,35.0,1,0,0,2.0,11,1.0,0,64.0,160.0,2.0,0,0,2.0
9,9,1,8.0,3,1,-0.12741897525911247,41.0,0,0,0,2.0,10,1.0,0,0.0,170.0,3.0,0,1,2.0
9,9,1,137.0,3,1,-0.12741897525911247,34.0,0,1,31,0.0,9,0.0,1,0.0,160.0,2.0,1,1,2.0
9,9,3,83.0,5,1,-0.12741897525911247,65.0,1,0,105,0.0,11,0.0,1,89.0,140.0,5.0,1,0,2.0
9,9,1,139.0,3,1,-0.12741897525911247,35.0,0,0,31,2.0,10,1.0,0,44.0,130.0,2.0,0,0,2.0
9,9,0,2.0,3,1,-0.12741897525911247,31.0,1,1,115,0.0,10,0.0,1,0.0,160.0,2.0,0,1,2.0
9,9,1,43.0,1,1,-0.12741897525911247,12.0,0,1,37,1.0,10,0.0,0,63.0,140.0,2.0,1,0,2.0
9,9,1,7.0,3,1,-0.12741897525911247,16.0,0,0,0,2.0,10,1.0,0,0.0,160.0,1.0,0,1,2.0
9,9,2,130.0,6,1,-1.1176721166687351,31.0,0,1,0,0.0,10,1.0,0,56.0,160.0,2.0,0,0,2.0
9,9,3,0.0,3,1,-0.12741897525911247,10.0,0,0,15,2.0,10,1.0,0,48.0,130.0,2.0,1,0,2.0
9,9,0,103.0,5,1,-0.12741897525911247,17.0,1,0,49,1.0,10,1.0,1,48.0,140.0,1.0,0,0,2.0
9,9,0,4.0,3,1,-0.12741897525911247,37.0,0,1,56,0.0,10,0.0,1,48.0,160.0,1.0,1,0,2.0
9,9,1,103.0,5,1,-0.12741897525911247,31.0,1,0,66,2.0,10,0.0,1,0.0,160.0,1.0,0,1,2.0
9,9,0,141.0,3,1,-0.12741897525911247,53.0,1,0,56,1.0,10,0.0,1,58.0,170.0,1.0,0,0,2.0
9,9,0,4.0,3,1,-0.12741897525911247,13.0,0,0,103,1.0,10,1.0,1,42.0,160.0,1.0,1,0,0.0
9,9,0,2.0,3,1,-0.12741897525911247,48.0,0,0,56,0.0,10,0.0,1,57.0,160.0,2.0,1,0,2.0
9,9,4,124.0,0,1,-0.12741897525911247,31.0,0,0,30,2.0,9,1.0,1,64.0,140.0,0.0,0,0,2.0
9,9,0,94.0,5,1,-0.12741897525911247,80.0,0,0,30,2.0,11,1.0,0,87.0,170.0,1.0,1,0,2.0
9,9,0,5.0,3,1,-0.12741897525911247,33.0,0,0,70,0.0,10,0.0,1,68.0,170.0,1.0,1,0,2.0
9,9,0,2.0,3,1,-0.12741897525911247,37.0,0,0,55,0.0,10,0.0,1,52.0,160.0,2.0,0,0,2.0
9,9,0,4.0,3,1,-0.12741897525911247,46.0,0,1,56,1.0,10,1.0,1,69.0,160.0,0.0,0,0,0.0
9,9,0,7.0,3,1,-0.12741897525911247,47.0,0,0,60,0.0,10,0.0,1,0.0,160.0,0.0,0,1,2.0
9,9,0,17.0,4,1,-0.12741897525911247,61.0,0,0,0,2.0,10,1.0,0,65.8,160.0,2.0,0,0,2.0
9,9,1,84.0,5,1,-0.12741897525911247,31.0,0,0,0,2.0,11,1.0,0,0.0,170.0,3.0,0,1,2.0
9,9,0,130.0,6,1,-1.1176721166687351,42.0,1,0,80,1.0,10,0.0,1,77.0,160.0,0.0,0,0,0.0
9,9,4,1.0,3,1,-0.12741897525911247,36.0,0,1,57,2.0,10,1.0,1,0.0,160.0,2.0,0,1,2.0
9,9,0,53.0,1,1,-0.12741897525911247,37.0,0,0,103,1.0,10,1.0,1,76.0,160.0,2.0,0,0,2.0
9,9,2,4.0,3,1,-0.12741897525911247,36.0,0,0,56,1.0,10,1.0,1,65.8,160.0,2.0,1,0,2.0
9,9,0,53.0,1,1,-0.12741897525911247,33.0,0,1,0,2.0,10,1.0,0,0.0,160.0,1.0,1,1,2.0
9,9,0,82.0,5,1,-0.12741897525911247,31.0,1,1,122,1.0,11,0.0,1,72.0,140.0,0.0,0,0,0.0
9,9,3,95.0,5,1,-0.12741897525911247,45.0,0,0,111,0.0,11,0.0,1,90.0,141.0,0.0,1,0,0.0
9,9,3,113.0,2,1,-0.12741897525911247,62.0,1,0,68,0.0,9,0.0,1,76.0,131.0,1.0,1,0,0.0
9,9,0,62.0,1,1,-0.12741897525911247,9.0,1,0,49,2.0,10,1.0,1,72.0,160.0,0.0,0,0,0.0
9,9,0,12.0,3,1,-0.12741897525911247,31.0,0,0,56,0.0,10,0.0,1,83.0,160.0,0.0,0,0,0.0
9,9,0,115.0,2,1,-0.12741897525911247,36.0,0,0,66,0.0,11,0.0,1,77.0,161.0,1.0,0,0,0.0
9,9,0,4.0,3,1,-0.12741897525911247,34.0,0,1,0,2.0,10,1.0,0,53.0,160.0,1.0,1,0,0.0
9,9,0,112.0,2,1,-0.12741897525911247,4.0,0,0,68,0.0,11,0.0,1,70.0,160.0,3.0,0,0,0.0
9,9,0,111.0,2,1,-0.12741897525911247,36.0,0,1,112,1.0,11,0.0,1,79.0,140.0,1.0,0,0,2.0
9,9,0,2.0,3,1,2.843340448969755,39.0,0,0,56,0.0,10,0.0,1,0.0,160.0,3.0,0,1,2.0
9,9,0,23.0,4,1,-0.12741897525911247,33.0,0,1,54,1.0,10,0.0,1,80.0,171.0,1.0,0,0,2.0
9,9,0,4.0,3,1,-0.12741897525911247,34.0,0,1,66,0.0,10,0.0,1,68.0,160.0,1.0,1,0,2.0
9,9,0,0.0,3,1,-0.12741897525911247,46.0,0,0,61,0.0,10,0.0,1,65.8,161.0,2.0,1,0,2.0
9,9,0,121.0,0,1,-0.12741897525911247,37.0,1,1,80,2.0,10,1.0,1,0.0,160.0,2.0,1,1,2.0
9,9,0,61.0,1,1,-0.12741897525911247,31.0,0,0,119,1.0,10,0.0,1,0.0,160.0,3.0,0,1,2.0
9,9,0,61.0,1,1,-0.12741897525911247,36.0,0,0,14,0.0,10,0.0,0,71.0,160.0,0.0,0,0,0.0
9,9,0,43.0,1,1,-0.12741897525911247,31.0,0,0,49,1.0,10,1.0,1,0.0,160.0,2.0,0,1,2.0
9,9,0,31.0,1,1,-0.12741897525911247,31.0,1,0,0,2.0,9,1.0,0,0.0,140.0,1.0,0,1,2.0
9,9,0,110.0,2,1,-0.12741897525911247,32.0,1,0,66,0.0,11,0.0,1,0.0,170.0,2.0,0,1,2.0
9,9,0,3.0,3,1,-0.12741897525911247,7.0,0,0,74,1.0,11,0.0,1,0.0,160.0,2.0,1,1,2.0
9,9,0,3.0,3,1,-0.12741897525911247,48.0,0,0,42,2.0,11,1.0,0,0.0,160.0,1.0,1,1,2.0
9,9,0,4.0,3,1,-0.12741897525911247,31.0,0,0,0,2.0,10,1.0,0,0.0,170.0,2.0,0,1,2.0
9,9,0,7.0,3,1,-0.12741897525911247,36.0,0,0,80,2.0,10,1.0,1,0.0,160.0,3.0,0,1,2.0
9,9,0,3.0,3,1,-0.12741897525911247,34.0,1,0,0,2.0,11,1.0,0,0.0,160.0,1.0,1,1,2.0
9,9,0,50.0,1,1,-0.12741897525911247,61.0,1,0,0,2.0,11,1.0,0,0.0,160.0,2.0,0,1,2.0
9,9,0,139.0,3,1,-0.12741897525911247,32.0,0,0,49,2.0,10,1.0,1,0.0,160.0,2.0,0,1,2.0
9,9,0,13.0,3,1,-0.12741897525911247,38.0,1,0,83,0.0,10,0.0,1,0.0,160.0,2.0,1,1,2.0
9,9,3,58.0,1,1,-0.12741897525911247,33.0,0,0,30,2.0,11,1.0,0,65.0,156.0,1.0,1,0,0.0
9,9,0,2.0,3,1,-0.12741897525911247,34.0,0,0,56,0.0,10,0.0,1,92.0,170.0,0.0,0,0,0.0
10,10,0,53.0,1,1,-0.12741897525911247,31.0,0,0,93,0.0,11,0.0,1,0.0,160.0,3.0,0,1,2.0
10,10,1,21.0,4,1,-0.12741897525911247,33.0,0,1,4,1.0,11,0.0,0,0.0,160.0,2.0,1,1,2.0
10,10,0,23.0,4,1,-0.12741897525911247,33.0,0,0,94,2.0,11,1.0,1,56.0,131.0,1.0,1,0,2.0
10,10,0,142.0,3,1,-0.12741897525911247,32.0,0,1,105,1.0,10,0.0,1,83.0,170.0,4.0,0,0,0.0
10,10,3,57.0,1,1,-0.12741897525911247,47.0,1,0,10,2.0,12,1.0,0,56.0,160.0,1.0,1,0,2.0
10,10,3,17.0,4,1,-0.12741897525911247,32.0,0,0,0,1.0,11,1.0,0,76.0,130.0,0.0,0,0,0.0
10,10,3,2.0,3,1,-0.12741897525911247,53.0,0,0,110,0.0,11,0.0,1,40.0,160.0,2.0,1,0,2.0
10,10,1,61.0,1,1,-0.12741897525911247,31.0,0,0,115,1.0,11,0.0,1,0.0,160.0,3.0,0,1,2.0
10,10,1,44.0,1,1,-0.12741897525911247,48.0,0,0,11,2.0,10,1.0,0,0.0,160.0,1.0,1,1,2.0
10,10,0,101.0,5,1,-0.12741897525911247,31.0,1,0,10,2.0,11,1.0,0,65.8,160.0,0.0,0,0,2.0
10,10,1,7.0,3,1,-0.12741897525911247,32.0,0,0,18,2.0,11,1.0,0,0.0,160.0,2.0,0,1,2.0
10,10,1,58.0,1,1,-0.12741897525911247,33.0,0,0,0,2.0,12,1.0,0,65.0,156.0,1.0,1,0,0.0
10,10,1,14.0,3,1,-0.12741897525911247,33.0,0,1,18,2.0,9,0.0,1,65.8,160.0,3.0,1,0,2.0
10,10,1,14.0,3,1,-0.12741897525911247,33.0,0,1,18,2.0,9,0.0,1,65.8,160.0,3.0,1,0,2.0
10,10,2,62.0,1,1,-0.12741897525911247,38.0,0,1,102,1.0,11,1.0,1,0.0,140.0,3.0,1,1,2.0
10,10,2,70.0,1,1,-0.12741897525911247,37.0,0,1,80,0.0,9,0.0,1,0.0,170.0,2.0,0,1,2.0
10,10,0,126.0,6,1,2.843340448969755,31.0,1,0,36,0.0,11,0.0,0,0.0,160.0,3.0,0,1,2.0
10,10,1,9.0,3,1,-0.12741897525911247,75.0,0,1,103,1.0,10,0.0,1,0.0,140.0,3.0,0,1,2.0
10,10,0,24.0,4,0,-0.12741897525911247,33.0,0,0,30,0.0,10,0.0,1,73.0,156.0,3.0,1,0,2.0
10,10,4,3.0,3,1,-0.12741897525911247,42.0,0,0,0,2.0,12,1.0,0,0.0,161.0,3.0,0,1,2.0
10,10,1,112.0,2,1,-0.12741897525911247,41.0,0,0,66,0.0,12,0.0,1,65.8,170.0,2.0,0,0,2.0
10,10,1,54.0,1,1,-0.12741897525911247,37.0,0,1,115,1.0,11,0.0,1,60.0,160.0,2.0,0,0,0.0
10,10,2,31.0,1,1,-0.12741897525911247,34.0,0,1,83,1.0,10,0.0,1,0.0,170.0,2.0,1,1,2.0
10,10,0,12.0,3,1,-0.12741897525911247,37.0,0,0,56,2.0,11,1.0,1,0.0,160.0,2.0,1,1,2.0
10,10,4,23.0,4,1,-0.12741897525911247,3.0,1,0,115,2.0,11,1.0,1,55.0,140.0,2.0,0,0,2.0
10,10,1,19.0,4,1,-0.12741897525911247,14.0,1,0,0,2.0,11,1.0,0,0.0,140.0,2.0,0,1,2.0
10,10,4,54.0,1,1,-0.12741897525911247,41.0,0,0,120,0.0,11,0.0,1,0.0,160.0,3.0,0,1,2.0
10,10,2,142.0,3,1,-0.12741897525911247,31.0,0,0,118,0.0,10,0.0,1,0.0,170.0,2.0,0,1,2.0
10,10,1,3.0,3,1,-0.12741897525911247,10.0,0,0,66,2.0,12,1.0,1,0.0,130.0,2.0,0,1,2.0
10,10,0,96.0,5,1,-0.12741897525911247,9.0,0,0,108,0.0,11,0.0,1,96.0,160.0,2.0,1,0,2.0
10,10,1,4.0,3,1,-0.12741897525911247,38.0,1,0,0,2.0,11,1.0,0,0.0,160.0,2.0,1,1,2.0
10,10,2,3.0,3,1,-0.12741897525911247,37.0,0,0,66,1.0,12,0.0,1,0.0,170.0,1.0,1,1,2.0
10,10,0,9.0,3,1,-0.12741897525911247,34.0,1,1,30,2.0,10,1.0,1,0.0,131.0,1.0,1,1,2.0
10,10,0,134.0,6,1,-0.12741897525911247,33.0,1,0,0,2.0,10,1.0,0,0.0,160.0,3.0,1,1,2.0
10,9,1,56.0,1,1,-0.12741897525911247,37.0,0,0,30,1.0,10,1.0,1,76.0,160.0,2.0,0,0,2.0
10,10,3,7.0,3,1,-0.12741897525911247,63.0,0,0,5,2.0,11,0.0,0,64.0,160.0,1.0,0,0,2.0
10,10,4,92.0,2,1,-0.12741897525911247,62.0,1,0,70,0.0,12,0.0,1,65.8,131.0,2.0,1,0,2.0
10,10,0,105.0,5,1,-0.12741897525911247,77.0,1,1,0,2.0,12,1.0,0,66.0,160.0,0.0,1,0,2.0
10,10,3,64.0,1,1,-0.12741897525911247,46.0,1,0,3,2.0,11,1.0,0,68.0,141.0,1.0,1,0,2.0
10,10,0,20.0,4,1,-0.12741897525911247,36.0,1,1,30,2.0,10,1.0,1,0.0,160.0,1.0,0,1,2.0
10,10,0,20.0,4,1,-0.12741897525911247,37.0,0,0,0,2.0,10,1.0,0,0.0,140.0,0.0,1,1,2.0
10,10,1,4.0,3,1,-0.12741897525911247,36.0,0,0,56,0.0,11,0.0,1,0.0,160.0,1.0,0,1,2.0
10,10,0,20.0,4,1,-0.12741897525911247,33.0,0,1,34,1.0,10,0.0,1,0.0,130.0,1.0,1,1,2.0
10,10,0,39.0,1,1,-0.12741897525911247,31.0,1,1,103,2.0,12,1.0,1,65.0,170.0,1.0,1,0,0.0
10,10,0,118.0,2,1,-0.12741897525911247,78.0,1,0,30,1.0,12,1.0,0,0.0,160.0,3.0,1,1,2.0
10,10,0,80.0,5,1,-0.12741897525911247,31.0,0,0,38,0.0,11,0.0,0,0.0,160.0,2.0,0,1,2.0
10,10,1,44.0,1,1,-0.12741897525911247,7.0,0,0,93,1.0,10,0.0,1,0.0,160.0,2.0,1,1,2.0
10,10,0,82.0,5,1,-0.12741897525911247,46.0,1,1,30,2.0,12,1.0,0,60.0,140.0,0.0,0,0,0.0
10,10,1,139.0,3,1,-0.12741897525911247,32.0,0,0,0,2.0,11,1.0,0,0.0,160.0,2.0,0,1,2.0
10,10,0,4.0,3,1,-0.12741897525911247,31.0,1,0,66,0.0,11,0.0,1,92.0,160.0,0.0,1,0,0.0
10,10,3,2.0,3,1,-0.12741897525911247,41.0,0,1,66,1.0,11,1.0,1,84.0,160.0,1.0,1,0,2.0
10,10,3,128.0,6,1,-0.12741897525911247,29.0,0,0,56,0.0,11,0.0,1,79.0,160.0,0.0,0,0,0.0
10,10,0,19.0,4,1,-0.12741897525911247,77.0,0,0,56,1.0,11,1.0,1,87.0,170.0,0.0,0,0,0.0
10,10,0,104.0,5,1,-0.12741897525911247,69.0,1,0,66,2.0,12,1.0,1,55.0,160.0,0.0,0,0,0.0
10,10,0,4.0,3,1,-0.12741897525911247,35.0,1,0,78,0.0,11,0.0,1,60.0,160.0,2.0,1,0,2.0
10,10,0,102.0,5,1,-0.12741897525911247,37.0,1,0,67,1.0,12,0.0,1,0.0,160.0,2.0,1,1,2.0
10,10,3,110.0,2,1,-0.12741897525911247,36.0,1,0,68,0.0,12,0.0,1,83.0,160.0,0.0,0,0,2.0
10,10,0,3.0,3,1,-0.12741897525911247,46.0,0,0,57,1.0,12,1.0,1,0.0,160.0,1.0,0,1,2.0
10,10,0,4.0,3,1,-0.12741897525911247,60.0,0,1,40,2.0,11,1.0,0,0.0,160.0,3.0,1,1,2.0
10,10,3,22.0,4,1,-0.12741897525911247,37.0,0,0,0,2.0,10,1.0,0,73.0,160.0,0.0,1,0,0.0
10,10,0,139.0,3,1,-0.12741897525911247,49.0,0,0,0,2.0,11,1.0,0,0.0,160.0,2.0,1,1,2.0
10,10,0,3.0,3,1,-0.12741897525911247,39.0,1,0,51,2.0,12,1.0,1,0.0,160.0,1.0,0,1,2.0
10,10,0,46.0,1,1,-0.12741897525911247,41.0,0,0,41,0.0,11,1.0,0,0.0,160.0,2.0,0,1,2.0
10,10,0,4.0,3,1,-0.12741897525911247,44.0,0,0,49,2.0,11,1.0,1,0.0,140.0,2.0,0,1,2.0
10,10,0,4.0,3,1,-0.12741897525911247,38.0,0,0,93,0.0,11,1.0,1,0.0,160.0,3.0,1,1,2.0
10,10,0,3.0,3,1,1.0021134392975726,38.0,0,1,0,2.0,12,1.0,0,0.0,140.0,2.0,1,1,2.0
10,10,0,13.0,3,1,-0.12741897525911247,47.0,1,0,80,0.0,11,0.0,1,72.0,160.0,2.0,0,0,2.0
10,10,0,12.0,3,1,-0.12741897525911247,50.0,1,0,0,2.0,11,1.0,0,0.0,160.0,1.0,1,1,2.0
10,10,0,8.0,3,1,-0.12741897525911247,34.0,0,0,0,2.0,11,1.0,0,0.0,160.0,2.0,1,1,2.0
10,10,0,4.0,3,1,-0.12741897525911247,34.0,1,0,0,2.0,11,1.0,0,0.0,160.0,2.0,1,1,2.0
11,11,0,53.0,1,1,-0.12741897525911247,49.0,0,0,91,1.0,12,0.0,1,0.0,130.0,2.0,1,1,2.0
11,11,1,9.0,3,1,-0.12741897525911247,33.0,1,0,93,2.0,11,1.0,1,0.0,160.0,2.0,1,1,2.0
11,11,2,14.0,3,1,1.0021134392975726,34.0,0,1,39,1.0,10,1.0,1,0.0,170.0,2.0,1,1,2.0
11,11,0,7.0,3,1,-0.12741897525911247,33.0,0,0,99,0.0,12,0.0,1,78.0,160.0,2.0,1,0,2.0
11,11,1,7.0,3,1,-0.12741897525911247,47.0,1,0,0,2.0,12,1.0,0,0.0,160.0,1.0,0,1,2.0
11,11,3,83.0,5,1,-0.12741897525911247,13.0,1,1,20,2.0,13,1.0,1,73.0,160.0,0.0,1,0,0.0
11,11,0,82.0,5,1,-0.12741897525911247,32.0,1,0,124,0.0,13,0.0,1,0.0,170.0,1.0,0,1,2.0
11,11,3,124.0,0,1,-0.12741897525911247,22.0,0,1,124,1.0,11,0.0,1,86.0,170.0,2.0,1,0,2.0
11,11,4,9.0,3,1,-0.12741897525911247,33.0,1,0,80,2.0,11,0.0,1,0.0,160.0,2.0,1,1,2.0
11,11,4,14.0,3,1,-0.12741897525911247,38.0,0,1,0,1.0,10,0.0,1,0.0,131.0,2.0,1,1,2.0
11,11,1,70.0,1,1,1.0021134392975726,41.0,0,0,107,0.0,10,0.0,1,0.0,160.0,3.0,0,1,2.0
11,11,4,58.0,1,1,-0.12741897525911247,57.0,0,0,0,2.0,13,1.0,0,28.0,160.0,2.0,0,0,2.0
11,11,2,70.0,1,1,-0.12741897525911247,7.0,0,0,30,2.0,10,1.0,1,0.0,160.0,2.0,1,1,2.0
11,11,0,59.0,1,1,-0.12741897525911247,34.0,1,0,80,2.0,12,1.0,1,65.8,160.0,3.0,1,0,2.0
11,11,1,10.0,3,0,-0.12741897525911247,9.0,0,1,0,1.0,11,0.0,0,67.0,160.0,3.0,1,0,2.0
11,11,2,108.0,3,1,-0.12741897525911247,39.0,0,0,30,0.0,13,1.0,0,0.0,170.0,3.0,0,1,2.0
11,11,1,8.0,3,1,-0.12741897525911247,19.0,0,0,0,2.0,12,1.0,0,0.0,140.0,4.0,0,1,2.0
11,11,5,0.0,3,1,-0.12741897525911247,75.0,0,1,30,1.0,12,1.0,0,0.0,140.0,3.0,0,1,2.0
11,11,2,139.0,3,1,-0.12741897525911247,14.0,0,0,30,1.0,12,1.0,0,0.0,170.0,3.0,0,1,2.0
11,11,4,3.0,3,1,-0.12741897525911247,33.0,1,0,30,2.0,13,1.0,0,0.0,160.0,2.0,1,1,2.0
11,11,1,54.0,1,1,-0.12741897525911247,33.0,0,0,63,0.0,12,0.0,1,0.0,160.0,2.0,1,1,2.0
11,11,0,139.0,3,1,-0.12741897525911247,46.0,0,1,73,1.0,12,0.0,1,0.0,130.0,2.0,0,1,2.0
11,11,1,4.0,3,1,-0.12741897525911247,12.0,0,1,74,1.0,12,0.0,1,63.0,140.0,2.0,1,0,2.0
11,11,1,124.0,0,1,-0.12741897525911247,32.0,0,0,47,1.0,11,0.0,1,0.0,160.0,2.0,0,1,2.0
11,9,4,9.0,3,1,1.0021134392975726,33.0,0,0,0,2.0,11,1.0,0,0.0,140.0,1.0,1,1,2.0
11,11,0,54.0,1,1,-0.12741897525911247,59.0,0,0,77,0.0,12,0.0,1,0.0,156.0,3.0,1,1,2.0
11,11,1,8.0,3,1,-0.12741897525911247,64.0,1,1,30,2.0,12,1.0,0,0.0,160.0,2.0,1,1,2.0
11,11,0,2.0,3,1,-0.12741897525911247,31.0,0,0,103,0.0,12,0.0,1,58.0,131.0,3.0,0,0,2.0
11,11,1,135.0,6,1,-0.12741897525911247,33.0,0,1,33,1.0,11,0.0,1,80.0,171.0,2.0,0,0,2.0
11,11,3,8.0,3,1,-0.12741897525911247,15.0,0,1,81,2.0,12,0.0,1,46.0,160.0,4.0,0,0,2.0
11,11,2,22.0,4,1,-0.12741897525911247,7.0,0,0,0,2.0,11,1.0,0,0.0,160.0,2.0,1,1,2.0
11,11,0,75.0,5,1,-0.12741897525911247,34.0,1,1,28,2.0,11,0.0,1,66.0,141.0,1.0,1,0,2.0
11,11,2,124.0,0,1,-0.12741897525911247,38.0,1,0,0,0.0,11,1.0,0,0.0,160.0,2.0,1,1,2.0
11,11,4,4.0,3,1,-0.12741897525911247,40.0,0,1,56,0.0,12,0.0,1,0.0,170.0,3.0,0,1,2.0
11,11,0,8.0,3,1,1.8530873075601326,58.0,0,0,30,2.0,12,1.0,0,0.0,140.0,0.0,1,1,1.0
11,11,0,113.0,2,1,-0.12741897525911247,31.0,1,0,56,1.0,11,0.0,1,65.8,160.0,0.0,0,0,2.0
11,11,0,131.0,6,1,-0.12741897525911247,70.0,1,0,108,1.0,12,0.0,1,49.0,140.0,1.0,0,0,0.0
11,11,0,2.0,3,1,-0.12741897525911247,18.0,0,0,30,1.0,12,1.0,0,65.8,160.0,2.0,0,0,2.0
11,11,1,98.0,5,1,-0.12741897525911247,34.0,1,0,30,2.0,13,1.0,0,0.0,160.0,3.0,1,1,2.0
11,11,4,3.0,3,1,-0.12741897525911247,34.0,0,1,77,1.0,13,0.0,1,0.0,160.0,2.0,1,1,2.0
11,11,4,103.0,5,1,-0.12741897525911247,54.0,1,0,0,2.0,12,1.0,0,0.0,152.0,3.0,1,1,2.0
11,11,4,2.0,3,1,-0.12741897525911247,37.0,0,0,115,0.0,12,0.0,1,0.0,141.0,5.0,1,1,2.0
11,11,0,2.0,3,1,-0.12741897525911247,6.0,0,0,72,0.0,12,0.0,1,64.0,160.0,1.0,1,0,0.0
11,11,0,18.0,4,1,-0.12741897525911247,66.0,1,0,0,2.0,11,1.0,0,56.0,160.0,1.0,0,0,0.0
11,11,0,5.0,3,1,-0.12741897525911247,42.0,0,1,115,0.0,12,0.0,1,1.0,160.0,3.0,1,0,2.0
11,11,0,57.0,1,1,-0.12741897525911247,45.0,0,0,122,0.0,13,0.0,1,96.0,161.0,4.0,1,0,2.0
11,11,0,139.0,3,1,-0.12741897525911247,12.0,0,1,115,0.0,12,0.0,1,93.0,160.0,1.0,0,0,2.0
11,11,0,4.0,3,1,-0.12741897525911247,44.0,1,0,65,1.0,12,0.0,1,0.0,160.0,2.0,0,1,2.0
11,11,0,118.0,2,1,-0.12741897525911247,46.0,0,0,30,2.0,13,1.0,0,0.0,160.0,2.0,0,1,2.0
11,11,4,46.0,1,1,-0.12741897525911247,36.0,0,0,123,1.0,12,0.0,1,0.0,170.0,5.0,0,1,2.0
12,12,5,61.0,1,1,-0.12741897525911247,31.0,0,0,93,0.0,13,0.0,1,0.0,170.0,3.0,0,1,2.0
12,12,1,54.0,1,1,-0.12741897525911247,37.0,0,1,103,1.0,13,0.0,1,0.0,170.0,3.0,1,1,2.0
12,12,2,137.0,3,1,-0.12741897525911247,22.0,0,1,121,1.0,12,0.0,1,86.0,170.0,2.0,1,0,2.0
12,12,1,119.0,0,1,-0.12741897525911247,10.0,0,0,121,1.0,13,0.0,1,0.0,141.0,3.0,0,1,2.0
12,12,2,67.0,1,0,-0.12741897525911247,42.0,0,1,21,1.0,13,0.0,1,0.0,170.0,2.0,0,1,2.0
12,12,0,2.0,3,1,-0.12741897525911247,31.0,0,0,0,2.0,13,1.0,0,62.0,160.0,2.0,0,0,2.0
12,12,2,18.0,4,1,-0.12741897525911247,53.0,0,0,18,1.0,12,1.0,1,0.0,160.0,3.0,1,1,2.0
12,12,1,9.0,3,1,-0.12741897525911247,15.0,0,1,32,2.0,12,0.0,1,46.0,160.0,4.0,0,0,2.0
12,12,0,54.0,1,1,-0.12741897525911247,33.0,0,0,0,2.0,13,1.0,0,67.0,160.0,1.0,1,0,2.0
12,12,0,113.0,2,1,-0.12741897525911247,34.0,1,0,2,2.0,12,0.0,0,65.8,161.0,1.0,1,0,2.0
12,12,0,137.0,3,1,-0.12741897525911247,10.0,0,1,35,0.0,12,0.0,1,0.0,160.0,1.0,0,1,2.0
12,12,1,9.0,3,1,-0.12741897525911247,47.0,0,0,30,2.0,12,1.0,1,0.0,140.0,1.0,0,1,2.0
12,11,1,4.0,3,1,-0.12741897525911247,60.0,0,1,0,2.0,13,1.0,0,0.0,160.0,3.0,1,1,2.0
12,12,0,31.0,1,1,-0.12741897525911247,13.0,1,1,0,2.0,12,1.0,0,65.8,130.0,2.0,1,0,2.0
12,12,4,44.0,1,1,-0.12741897525911247,59.0,0,1,30,2.0,12,1.0,1,65.8,160.0,2.0,1,0,2.0
12,12,0,2.0,3,1,-0.12741897525911247,67.0,0,1,95,0.0,13,0.0,1,0.0,170.0,0.0,1,1,2.0
12,12,0,113.0,2,1,-0.12741897525911247,65.0,0,1,30,0.0,12,0.0,1,0.0,170.0,2.0,1,1,2.0
12,12,0,2.0,3,1,-0.12741897525911247,41.0,0,0,119,0.0,13,0.0,1,0.0,160.0,2.0,0,1,2.0
12,12,3,7.0,3,1,-0.12741897525911247,15.0,0,0,101,1.0,13,0.0,1,92.0,160.0,0.0,0,0,2.0
12,12,3,137.0,3,1,-0.12741897525911247,43.0,0,0,16,1.0,12,0.0,0,0.0,160.0,0.0,0,1,2.0
12,12,5,61.0,1,1,-0.12741897525911247,31.0,0,0,80,0.0,13,0.0,1,0.0,170.0,3.0,0,1,2.0
12,12,2,124.0,0,1,-0.12741897525911247,37.0,0,1,0,1.0,12,1.0,0,65.8,160.0,2.0,1,0,2.0
12,12,1,124.0,0,1,-0.12741897525911247,41.0,0,0,46,0.0,12,0.0,1,0.0,160.0,3.0,0,1,2.0
12,12,1,38.0,1,1,-0.12741897525911247,16.0,1,1,115,1.0,14,0.0,1,0.0,161.0,2.0,0,1,2.0
12,12,1,124.0,0,1,-0.12741897525911247,48.0,0,0,0,2.0,12,1.0,0,0.0,160.0,2.0,1,1,2.0
12,12,1,70.0,1,1,-0.12741897525911247,59.0,0,1,0,2.0,11,1.0,1,65.8,160.0,2.0,1,0,2.0
12,12,0,93.0,5,1,-0.12741897525911247,33.0,1,0,36,1.0,13,0.0,0,65.8,160.0,4.0,1,0,2.0
12,12,2,142.0,3,1,1.0021134392975726,22.0,0,1,111,1.0,12,0.0,1,0.0,170.0,3.0,1,1,2.0
12,12,2,4.0,3,1,-0.12741897525911247,34.0,0,1,56,0.0,13,0.0,1,0.0,160.0,2.0,0,1,2.0
12,12,0,141.0,3,1,-0.12741897525911247,14.0,0,0,56,0.0,13,0.0,1,0.0,160.0,2.0,0,1,2.0
12,12,2,18.0,4,1,-0.12741897525911247,34.0,0,1,0,1.0,12,1.0,0,0.0,170.0,2.0,1,1,2.0
12,12,1,120.0,0,1,-0.12741897525911247,35.0,0,0,0,2.0,12,1.0,0,44.0,130.0,3.0,0,0,2.0
12,12,0,9.0,3,1,-0.12741897525911247,38.0,0,0,30,1.0,12,1.0,1,0.0,140.0,2.0,1,1,2.0
12,12,4,128.0,6,1,-0.12741897525911247,36.0,1,1,122,2.0,13,0.0,1,0.0,161.0,2.0,0,1,2.0
12,12,5,5.0,3,1,-0.12741897525911247,10.0,0,0,112,1.0,13,0.0,1,0.0,141.0,3.0,0,1,2.0
12,12,2,54.0,1,1,1.0021134392975726,42.0,0,1,52,1.0,13,0.0,1,0.0,170.0,2.0,0,1,2.0
12,12,0,121.0,0,1,-0.12741897525911247,13.0,1,0,56,0.0,13,0.0,1,66.0,160.0,2.0,1,0,2.0
12,12,0,79.0,5,1,-0.12741897525911247,37.0,1,1,30,2.0,14,1.0,0,0.0,161.0,2.0,1,1,2.0
12,12,1,54.0,1,1,1.0021134392975726,63.0,0,1,48,2.0,13,0.0,0,0.0,160.0,2.0,1,1,2.0
12,12,1,38.0,1,1,-0.12741897525911247,46.0,1,0,0,2.0,14,1.0,0,0.0,141.0,2.0,0,1,2.0
12,12,0,128.0,6,1,-0.12741897525911247,36.0,1,0,30,2.0,13,1.0,0,79.0,160.0,2.0,0,0,2.0
12,12,0,4.0,3,1,-0.12741897525911247,34.0,0,0,114,0.0,13,0.0,1,0.0,160.0,3.0,1,1,2.0
12,12,1,36.0,1,1,-0.12741897525911247,34.0,1,1,84,2.0,14,0.0,1,0.0,141.0,2.0,1,1,2.0
12,12,0,1.0,3,1,-0.12741897525911247,69.0,0,1,113,0.0,13,0.0,1,61.0,160.0,2.0,0,0,2.0
12,12,0,12.0,3,1,-0.12741897525911247,45.0,0,1,109,0.0,13,0.0,1,70.0,160.0,0.0,1,0,2.0
12,12,4,2.0,3,1,-0.12741897525911247,59.0,1,1,77,1.0,13,0.0,1,65.8,160.0,4.0,1,0,0.0
12,12,0,134.0,6,1,-0.12741897525911247,34.0,1,0,56,1.0,12,0.0,1,0.0,160.0,3.0,1,1,2.0
12,12,3,5.0,3,1,-0.12741897525911247,34.0,0,0,116,1.0,13,0.0,1,65.8,131.0,6.0,0,0,2.0
12,12,0,75.0,5,1,-0.12741897525911247,31.0,0,1,76,2.0,12,0.0,1,65.8,160.0,1.0,0,0,2.0
12,12,0,139.0,3,1,-0.12741897525911247,33.0,0,0,64,0.0,13,0.0,1,0.0,160.0,2.0,1,1,2.0
12,12,0,4.0,3,1,-0.12741897525911247,48.0,0,0,30,2.0,13,1.0,0,65.8,160.0,1.0,0,0,2.0
12,12,0,4.0,3,1,-0.12741897525911247,33.0,1,0,49,2.0,13,1.0,1,0.0,170.0,2.0,1,1,2.0
12,12,0,4.0,3,1,-0.12741897525911247,31.0,1,0,56,0.0,13,0.0,1,0.0,160.0,2.0,0,1,2.0
12,12,0,47.0,1,1,-0.12741897525911247,14.0,1,0,0,2.0,14,1.0,0,0.0,160.0,1.0,0,1,2.0
12,12,3,122.0,0,1,-0.12741897525911247,70.0,0,0,0,2.0,13,1.0,0,71.0,160.0,0.0,1,0,2.0
13,13,1,19.0,4,1,-0.12741897525911247,37.0,0,0,93,1.0,14,1.0,1,0.0,160.0,3.0,1,1,2.0
13,13,1,2.0,3,1,-0.12741897525911247,54.0,0,1,82,1.0,14,0.0,1,0.0,170.0,3.0,1,1,2.0
13,13,2,140.0,3,0,-0.12741897525911247,31.0,0,0,80,0.0,14,0.0,1,0.0,170.0,2.0,0,1,2.0
13,13,2,142.0,3,1,-0.12741897525911247,32.0,0,0,102,1.0,13,0.0,1,0.0,160.0,2.0,0,1,2.0
13,13,0,113.0,2,1,-0.12741897525911247,63.0,1,0,30,2.0,13,1.0,1,72.0,158.0,2.0,1,0,2.0
13,13,0,7.0,3,1,-0.12741897525911247,34.0,0,1,0,2.0,14,1.0,0,0.0,160.0,2.0,0,1,2.0
13,13,1,102.0,5,1,-0.12741897525911247,37.0,1,1,0,2.0,15,1.0,0,0.0,161.0,2.0,1,1,2.0
13,13,1,20.0,4,1,1.0021134392975726,33.0,0,1,93,1.0,13,0.0,1,0.0,130.0,2.0,1,1,2.0
13,13,0,80.0,5,1,-0.12741897525911247,34.0,1,0,0,2.0,14,1.0,0,57.0,156.0,3.0,1,0,2.0
13,13,0,21.0,4,1,-0.12741897525911247,61.0,1,1,20,2.0,14,1.0,1,75.0,140.0,2.0,0,0,2.0
13,13,1,7.0,3,1,-0.12741897525911247,39.0,1,0,0,2.0,14,1.0,0,0.0,160.0,2.0,0,1,2.0
13,13,0,9.0,3,1,-0.12741897525911247,63.0,0,0,93,1.0,13,0.0,1,0.0,140.0,4.0,1,1,2.0
13,13,0,30.0,4,1,-0.12741897525911247,33.0,1,0,0,2.0,13,1.0,0,0.0,140.0,1.0,1,1,2.0
13,13,1,142.0,3,1,-0.12741897525911247,43.0,0,0,100,1.0,13,0.0,1,0.0,160.0,1.0,0,1,2.0
13,13,3,85.0,5,1,1.8530873075601326,70.0,1,0,98,0.0,14,0.0,1,0.0,161.0,3.0,0,1,1.0
13,13,0,2.0,3,1,-0.12741897525911247,63.0,0,0,0,2.0,14,1.0,0,0.0,160.0,3.0,0,1,2.0
13,13,3,114.0,2,1,-0.12741897525911247,37.0,0,0,86,1.0,13,0.0,1,65.8,160.0,5.0,1,0,2.0
13,13,5,70.0,1,1,-0.12741897525911247,10.0,0,0,89,1.0,12,0.0,1,0.0,141.0,3.0,0,1,2.0
13,13,0,142.0,3,1,-0.12741897525911247,35.0,0,1,89,1.0,13,0.0,1,91.0,160.0,2.0,0,0,2.0
13,13,0,113.0,2,1,-0.12741897525911247,63.0,0,0,0,2.0,13,1.0,0,59.0,160.0,2.0,0,0,2.0
13,13,1,19.0,4,1,-0.12741897525911247,39.0,1,1,0,2.0,14,1.0,0,0.0,160.0,3.0,0,1,2.0
13,13,1,4.0,3,1,-0.12741897525911247,19.0,0,0,103,0.0,14,0.0,1,65.8,160.0,4.0,0,0,2.0
13,13,4,2.0,3,1,-0.12741897525911247,82.0,0,1,0,2.0,14,1.0,0,65.8,160.0,3.0,0,0,2.0
13,13,1,55.0,1,1,-0.12741897525911247,44.0,0,0,95,0.0,14,0.0,1,0.0,160.0,3.0,0,1,2.0
13,13,1,67.0,1,0,-0.12741897525911247,41.0,0,0,90,0.0,14,0.0,1,0.0,160.0,3.0,0,1,2.0
13,13,2,67.0,1,0,1.0021134392975726,42.0,0,1,9,1.0,14,0.0,0,0.0,170.0,2.0,0,1,2.0
13,13,2,4.0,3,1,-0.12741897525911247,48.0,0,0,56,0.0,14,0.0,1,0.0,160.0,3.0,1,1,2.0
13,13,2,124.0,0,1,-0.12741897525911247,59.0,0,1,49,0.0,13,1.0,1,0.0,156.0,4.0,1,1,2.0
13,13,0,2.0,3,1,-0.12741897525911247,37.0,1,0,0,2.0,14,1.0,0,0.0,160.0,3.0,1,1,2.0
13,13,0,2.0,3,1,-0.12741897525911247,31.0,0,1,103,0.0,14,0.0,1,65.8,160.0,2.0,0,0,2.0
13,13,0,137.0,3,1,-0.12741897525911247,53.0,0,0,30,0.0,13,1.0,1,0.0,140.0,4.0,1,1,2.0
13,13,0,139.0,3,1,-0.12741897525911247,14.0,0,1,3,1.0,14,0.0,0,63.0,160.0,2.0,0,0,2.0
13,13,4,15.0,4,1,-0.12741897525911247,36.0,0,1,119,0.0,14,0.0,1,0.0,140.0,4.0,0,1,2.0
13,13,4,3.0,3,1,-0.12741897525911247,63.0,0,0,30,1.0,15,1.0,0,0.0,140.0,4.0,0,1,2.0
13,13,2,128.0,6,1,-0.12741897525911247,34.0,1,0,30,1.0,14,1.0,0,0.0,160.0,3.0,1,1,2.0
13,13,3,19.0,4,1,-0.12741897525911247,32.0,0,0,49,2.0,14,1.0,1,61.0,160.0,0.0,0,0,2.0
13,13,1,93.0,5,1,-0.12741897525911247,31.0,0,1,103,2.0,14,0.0,1,0.0,160.0,1.0,0,1,2.0
13,13,0,118.0,2,1,-0.12741897525911247,33.0,0,0,115,1.0,15,0.0,1,0.0,160.0,0.0,1,1,0.0
13,13,0,61.0,1,1,-0.12741897525911247,66.0,0,0,0,2.0,14,1.0,0,30.0,160.0,2.0,1,0,2.0
13,13,0,3.0,3,1,-0.12741897525911247,37.0,0,0,64,0.0,15,0.0,1,0.0,160.0,0.0,0,1,0.0
13,13,0,9.0,3,1,-0.12741897525911247,31.0,0,0,88,2.0,13,0.0,1,61.0,140.0,0.0,0,0,0.0
13,13,0,128.0,6,1,-0.12741897525911247,35.0,1,0,56,0.0,14,0.0,1,65.8,160.0,2.0,0,0,2.0
13,13,4,8.0,3,1,-0.12741897525911247,37.0,1,0,13,1.0,14,0.0,0,65.8,160.0,5.0,1,0,2.0
13,13,4,37.0,1,1,-0.12741897525911247,43.0,1,1,64,0.0,15,0.0,1,86.0,170.0,1.0,0,0,0.0
13,13,3,61.0,1,1,-0.12741897525911247,39.0,0,0,49,0.0,14,1.0,1,75.0,160.0,0.0,0,0,0.0
13,13,3,0.0,3,1,-0.12741897525911247,63.0,0,0,56,0.0,14,0.0,1,90.0,170.0,6.0,1,0,2.0
13,13,0,142.0,3,1,-0.12741897525911247,31.0,0,0,74,0.0,13,0.0,1,86.0,160.0,0.0,0,0,0.0
13,13,0,38.0,1,1,-0.12741897525911247,70.0,0,0,80,1.0,15,1.0,1,0.0,170.0,2.0,0,1,2.0
13,13,3,104.0,5,1,1.8530873075601326,46.0,1,0,56,0.0,15,0.0,1,0.0,171.0,0.0,0,1,1.0
13,13,0,131.0,6,1,-0.12741897525911247,34.0,1,0,103,0.0,14,0.0,1,0.0,160.0,1.0,0,1,2.0
13,13,0,128.0,6,1,-0.12741897525911247,31.0,1,0,30,2.0,14,1.0,0,0.0,130.0,2.0,0,1,2.0
13,13,3,86.0,5,1,1.8530873075601326,38.0,1,0,56,0.0,14,0.0,1,0.0,161.0,2.0,1,1,1.0
13,13,0,81.0,5,1,-0.12741897525911247,46.0,0,0,64,0.0,15,0.0,1,65.8,170.0,2.0,0,0,2.0
13,13,0,7.0,3,1,-0.12741897525911247,31.0,0,1,56,2.0,14,0.0,1,0.0,160.0,2.0,0,1,2.0
13,13,0,7.0,3,1,-0.12741897525911247,33.0,0,0,0,2.0,14,1.0,0,0.0,160.0,2.0,1,1,2.0
13,13,3,80.0,5,1,-0.12741897525911247,63.0,0,1,119,1.0,14,0.0,1,65.8,160.0,2.0,1,0,2.0
14,14,0,9.0,3,1,-0.12741897525911247,59.0,0,0,30,2.0,14,1.0,1,0.0,140.0,5.0,1,1,2.0
14,14,0,2.0,3,1,-0.12741897525911247,68.0,0,0,0,2.0,15,1.0,0,0.0,160.0,3.0,0,1,2.0
14,14,2,2.0,3,1,-0.12741897525911247,33.0,0,0,93,0.0,15,0.0,1,0.0,160.0,3.0,0,1,2.0
14,14,3,80.0,5,1,-0.12741897525911247,63.0,0,0,115,0.0,15,0.0,1,0.0,161.0,5.0,1,1,2.0
14,14,1,24.0,4,0,-0.12741897525911247,41.0,0,0,70,0.0,14,0.0,1,0.0,160.0,3.0,0,1,2.0
14,14,1,7.0,3,1,-0.12741897525911247,10.0,0,1,0,2.0,15,1.0,0,0.0,130.0,3.0,0,1,2.0
14,14,2,7.0,3,1,-0.12741897525911247,31.0,0,0,25,0.0,15,0.0,1,86.0,140.0,2.0,1,0,2.0
14,14,2,137.0,3,1,-0.12741897525911247,59.0,0,1,18,0.0,14,1.0,1,0.0,156.0,4.0,1,1,2.0
14,14,1,55.0,1,1,1.0021134392975726,63.0,0,1,115,2.0,15,0.0,1,62.0,160.0,2.0,0,0,2.0
14,14,3,142.0,3,1,-0.12741897525911247,67.0,0,0,115,0.0,14,0.0,1,68.0,131.0,5.0,1,0,2.0
14,14,2,113.0,2,1,1.0021134392975726,33.0,0,1,0,1.0,14,1.0,0,0.0,171.0,2.0,0,1,2.0
14,14,4,80.0,5,1,-0.12741897525911247,61.0,0,1,115,2.0,15,0.0,1,0.0,160.0,6.0,1,1,2.0
14,14,1,69.0,1,1,-0.12741897525911247,15.0,0,1,27,1.0,14,0.0,1,65.8,160.0,1.0,0,0,2.0
14,14,1,2.0,3,1,-0.12741897525911247,33.0,0,0,103,1.0,15,0.0,1,0.0,160.0,0.0,1,1,0.0
14,14,4,14.0,3,1,1.0021134392975726,37.0,0,1,0,1.0,13,1.0,1,70.0,160.0,1.0,1,0,2.0
14,14,3,80.0,5,1,-0.12741897525911247,63.0,0,0,103,0.0,15,0.0,1,92.0,170.0,2.0,1,0,2.0
14,14,1,121.0,0,1,-0.12741897525911247,31.0,0,1,20,2.0,15,0.0,1,0.0,160.0,2.0,0,1,2.0
14,14,3,102.0,5,1,1.8530873075601326,34.0,0,0,97,0.0,16,0.0,1,0.0,161.0,1.0,0,1,1.0
14,14,3,72.0,5,1,1.8530873075601326,37.0,0,0,97,1.0,15,0.0,1,0.0,161.0,1.0,1,1,1.0
14,14,3,86.0,5,1,1.8530873075601326,33.0,1,0,93,0.0,15,0.0,1,0.0,161.0,2.0,1,1,1.0
14,14,3,80.0,5,1,-0.12741897525911247,37.0,0,1,115,0.0,15,0.0,1,80.0,160.0,6.0,0,0,2.0
14,14,1,33.0,1,1,-0.12741897525911247,41.0,0,0,25,1.0,15,0.0,1,0.0,170.0,4.0,1,1,2.0
14,14,2,25.0,4,0,-0.12741897525911247,83.0,0,1,0,2.0,14,1.0,0,78.0,160.0,3.0,0,0,2.0
14,14,1,80.0,5,1,-0.12741897525911247,63.0,0,0,103,0.0,15,0.0,1,0.0,161.0,5.0,1,1,2.0
14,14,1,70.0,1,1,-0.12741897525911247,44.0,0,0,40,0.0,13,0.0,1,0.0,160.0,3.0,0,1,2.0
14,14,3,32.0,1,1,1.8530873075601326,51.0,0,0,87,2.0,16,0.0,1,87.0,160.0,2.0,1,0,1.0
14,14,1,33.0,1,1,-0.12741897525911247,63.0,0,1,103,1.0,15,0.0,1,65.8,160.0,2.0,1,0,2.0
14,14,3,33.0,1,1,1.0021134392975726,63.0,0,0,30,2.0,15,1.0,0,61.0,160.0,3.0,1,0,2.0
14,14,3,33.0,1,1,-0.12741897525911247,63.0,0,0,103,0.0,15,0.0,1,0.0,158.0,5.0,1,1,2.0
14,14,3,33.0,1,1,-0.12741897525911247,63.0,0,0,103,0.0,15,0.0,1,0.0,158.0,6.0,1,1,2.0
14,14,3,131.0,6,1,-0.12741897525911247,2.0,1,0,93,0.0,15,0.0,1,85.0,170.0,4.0,1,0,2.0
14,14,1,93.0,5,1,-0.12741897525911247,33.0,1,0,30,1.0,15,0.0,0,65.8,160.0,4.0,1,0,2.0
14,14,3,11.0,3,1,-0.12741897525911247,39.0,0,0,49,0.0,15,0.0,1,65.8,160.0,5.0,1,0,2.0
14,14,1,9.0,3,1,-0.12741897525911247,41.0,0,1,49,1.0,14,0.0,1,0.0,130.0,4.0,0,1,2.0
14,14,1,2.0,3,1,-0.12741897525911247,10.0,0,0,49,1.0,15,0.0,1,0.0,141.0,4.0,1,1,2.0
14,14,2,139.0,3,1,-0.12741897525911247,5.0,0,0,30,1.0,15,0.0,0,0.0,160.0,2.0,1,1,2.0
14,14,2,106.0,5,1,-0.12741897525911247,42.0,1,0,93,1.0,15,0.0,1,77.0,160.0,2.0,0,0,2.0
14,14,5,19.0,4,1,-0.12741897525911247,62.0,1,0,30,0.0,15,0.0,0,0.0,131.0,2.0,1,1,2.0
14,14,3,107.0,5,1,-0.12741897525911247,45.0,0,0,93,1.0,16,0.0,1,91.0,160.0,2.0,0,0,2.0
14,12,4,8.0,3,1,-0.12741897525911247,15.0,0,1,30,2.0,15,0.0,0,46.0,160.0,4.0,0,0,2.0
14,14,0,100.0,5,1,1.0021134392975726,33.0,1,1,30,0.0,15,0.0,0,0.0,160.0,2.0,1,1,2.0
14,14,4,113.0,2,1,-0.12741897525911247,34.0,1,1,30,2.0,14,0.0,1,65.8,161.0,2.0,0,0,2.0
14,14,3,12.0,3,1,-0.12741897525911247,53.0,1,0,49,1.0,15,0.0,1,45.0,160.0,2.0,0,0,2.0
14,14,2,125.0,6,1,-0.12741897525911247,38.0,0,0,49,0.0,15,0.0,1,0.0,141.0,4.0,1,1,2.0
14,14,3,80.0,5,1,1.8530873075601326,36.0,1,0,49,1.0,15,0.0,1,0.0,161.0,2.0,0,1,1.0
14,14,3,91.0,5,1,-0.12741897525911247,31.0,0,0,30,0.0,15,0.0,0,81.0,160.0,3.0,1,0,2.0
14,14,1,3.0,3,1,-0.12741897525911247,32.0,0,0,0,2.0,16,1.0,0,65.8,160.0,1.0,0,0,2.0
14,14,0,137.0,3,1,-0.12741897525911247,38.0,0,0,0,2.0,14,1.0,0,69.0,131.0,3.0,1,0,2.0
14,14,2,124.0,0,1,-0.12741897525911247,33.0,0,0,0,0.0,14,1.0,0,0.0,160.0,2.0,1,1,2.0
14,14,4,55.0,1,1,-0.12741897525911247,41.0,0,0,49,1.0,15,0.0,1,65.8,140.0,2.0,1,0,2.0
14,14,0,2.0,3,1,-0.12741897525911247,64.0,0,0,30,2.0,15,0.0,0,65.8,161.0,2.0,1,0,2.0
14,14,3,132.0,6,1,-0.12741897525911247,58.0,1,0,80,0.0,15,0.0,1,100.0,170.0,2.0,0,0,2.0
14,14,3,128.0,6,1,-0.12741897525911247,37.0,0,0,49,0.0,15,0.0,1,74.0,160.0,1.0,1,0,2.0
14,14,3,107.0,5,1,-0.12741897525911247,9.0,0,0,49,1.0,16,0.0,1,73.0,160.0,3.0,0,0,2.0
14,14,0,81.0,5,1,-0.12741897525911247,33.0,1,0,93,0.0,16,0.0,1,98.0,160.0,2.0,1,0,2.0
14,14,3,99.0,5,1,1.8530873075601326,86.0,1,0,49,0.0,15,0.0,1,0.0,161.0,2.0,0,1,1.0
14,14,0,133.0,6,1,-0.12741897525911247,73.0,1,0,49,0.0,16,0.0,1,81.0,160.0,1.0,0,0,2.0
14,14,3,137.0,3,1,-0.12741897525911247,85.0,0,0,80,0.0,14,0.0,1,0.0,160.0,2.0,0,1,2.0
14,14,3,93.0,5,1,1.8530873075601326,68.0,0,0,49,0.0,15,0.0,1,0.0,161.0,2.0,0,1,1.0
14,14,3,64.0,1,1,-0.12741897525911247,63.0,0,0,93,1.0,15,0.0,1,0.0,170.0,5.0,1,1,2.0
14,14,1,53.0,1,1,1.0021134392975726,63.0,0,0,93,0.0,15,0.0,1,0.0,158.0,6.0,1,1,2.0
14,14,3,137.0,3,1,-0.12741897525911247,14.0,0,0,93,0.0,14,0.0,1,0.0,170.0,6.0,1,1,2.0
14,14,3,2.0,3,1,-0.12741897525911247,46.0,0,0,49,0.0,15,0.0,1,62.0,160.0,4.0,1,0,2.0
14,14,3,128.0,6,1,-0.12741897525911247,65.0,0,0,93,0.0,15,0.0,1,96.0,160.0,2.0,1,0,2.0
14,14,3,11.0,3,1,-0.12741897525911247,25.0,0,0,49,0.0,15,0.0,1,88.0,160.0,6.0,0,0,2.0
14,14,3,35.0,1,1,2.843340448969755,38.0,1,0,0,2.0,15,1.0,0,0.0,161.0,6.0,1,1,2.0
14,14,3,76.0,5,1,-0.12741897525911247,27.0,1,0,30,0.0,16,0.0,0,0.0,160.0,3.0,1,1,2.0
14,14,3,119.0,0,1,-0.12741897525911247,33.0,1,0,49,0.0,15,0.0,1,0.0,156.0,5.0,0,1,2.0
14,14,3,89.0,5,1,-0.12741897525911247,60.0,0,0,80,0.0,16,0.0,1,75.0,160.0,3.0,0,0,0.0
14,14,3,87.0,5,1,-0.12741897525911247,24.0,0,0,93,1.0,16,0.0,1,77.0,160.0,2.0,0,0,2.0
14,14,2,67.0,1,0,-0.12741897525911247,36.0,0,0,80,1.0,15,0.0,1,0.0,170.0,5.0,0,1,2.0
14,14,4,88.0,5,1,-0.12741897525911247,35.0,0,0,0,2.0,15,1.0,0,65.0,130.0,6.0,0,0,2.0
15,15,0,2.0,3,1,-0.12741897525911247,61.0,0,0,80,0.0,16,0.0,1,0.0,161.0,6.0,0,1,2.0
15,15,5,2.0,3,1,-0.12741897525911247,41.0,0,0,80,0.0,16,0.0,1,0.0,170.0,3.0,0,1,2.0
15,14,1,93.0,5,1,-0.12741897525911247,33.0,1,0,0,1.0,16,0.0,0,65.8,160.0,4.0,1,0,2.0
15,15,2,87.0,5,1,-0.12741897525911247,0.0,1,0,30,0.0,17,0.0,0,65.8,161.0,4.0,0,0,2.0
15,14,1,2.0,3,1,-0.12741897525911247,12.0,0,1,0,1.0,16,0.0,0,0.0,140.0,3.0,1,1,2.0
15,15,1,27.0,1,1,-0.12741897525911247,41.0,0,0,80,0.0,16,0.0,1,0.0,160.0,4.0,0,1,2.0
15,14,2,106.0,5,1,-0.12741897525911247,42.0,1,0,80,1.0,16,0.0,1,77.0,160.0,2.0,0,0,2.0
15,12,1,8.0,3,1,-0.12741897525911247,15.0,0,1,0,2.0,16,0.0,0,46.0,160.0,4.0,0,0,2.0
15,15,2,2.0,3,1,-0.12741897525911247,34.0,0,0,80,0.0,16,0.0,1,0.0,160.0,3.0,1,1,2.0
15,15,1,56.0,1,1,-0.12741897525911247,61.0,0,1,80,2.0,15,0.0,1,0.0,160.0,6.0,1,1,2.0
15,15,3,2.0,3,1,-0.12741897525911247,32.0,0,0,80,0.0,16,0.0,1,0.0,161.0,4.0,1,1,2.0
15,15,0,37.0,1,1,1.0021134392975726,36.0,1,0,0,1.0,17,0.0,0,65.8,170.0,3.0,0,0,2.0
15,15,3,90.0,5,1,1.8530873075601326,61.0,0,0,30,1.0,15,0.0,1,0.0,171.0,2.0,0,1,1.0
15,15,3,68.0,1,0,1.8530873075601326,39.0,0,0,30,1.0,16,0.0,0,0.0,166.0,2.0,0,1,1.0
15,15,3,99.0,5,1,1.8530873075601326,86.0,1,0,80,0.0,16,0.0,1,0.0,161.0,2.0,0,1,1.0
15,15,3,34.0,1,0,1.8530873075601326,86.0,1,0,30,0.0,16,0.0,0,0.0,161.0,2.0,0,1,1.0
15,15,3,97.0,5,1,1.8530873075601326,86.0,1,0,80,0.0,17,0.0,1,0.0,161.0,2.0,0,1,1.0
15,15,4,48.0,1,1,1.8530873075601326,35.0,1,0,80,0.0,17,0.0,1,0.0,142.0,4.0,0,1,1.0
15,15,1,124.0,0,1,-0.12741897525911247,85.0,0,0,30,0.0,15,0.0,1,0.0,160.0,3.0,0,1,2.0
15,15,3,78.0,5,1,1.8530873075601326,39.0,1,0,80,0.0,17,0.0,1,0.0,161.0,1.0,0,1,1.0
15,15,3,91.0,5,1,-0.12741897525911247,21.0,0,0,80,0.0,16,0.0,1,89.0,164.0,5.0,1,0,2.0
15,15,3,109.0,3,1,1.8530873075601326,39.0,0,0,0,0.0,16,0.0,0,0.0,171.0,3.0,0,1,1.0
15,15,1,78.0,5,1,-0.12741897525911247,24.0,0,0,80,1.0,17,0.0,1,77.0,160.0,2.0,0,0,2.0
15,15,3,73.0,5,1,1.8530873075601326,86.0,0,0,80,0.0,17,0.0,1,0.0,161.0,0.0,0,1,1.0
15,15,3,28.0,1,1,1.8530873075601326,60.0,1,0,80,0.0,15,0.0,1,0.0,141.0,3.0,1,1,1.0
15,15,3,61.0,1,1,-0.12741897525911247,28.0,0,0,80,0.0,16,0.0,1,59.0,140.0,2.0,1,0,2.0
15,15,3,64.0,1,1,-0.12741897525911247,67.0,0,0,80,1.0,16,0.0,1,87.0,170.0,7.0,0,0,2.0
15,15,3,33.0,1,1,-0.12741897525911247,59.0,0,0,80,0.0,16,0.0,1,77.0,170.0,3.0,0,0,2.0
15,15,3,65.0,1,0,1.8530873075601326,67.0,1,0,30,0.0,15,0.0,1,0.0,158.0,2.0,1,1,1.0
15,15,3,54.0,1,1,-0.12741897525911247,25.0,0,0,30,0.0,16,0.0,0,90.0,160.0,1.0,0,0,2.0
15,15,3,64.0,1,1,-0.12741897525911247,63.0,0,0,80,0.0,16,0.0,1,95.0,170.0,4.0,1,0,2.0
15,15,3,69.0,1,1,-0.12741897525911247,84.0,0,0,30,0.0,15,0.0,1,0.0,161.0,4.0,0,1,2.0
15,15,3,76.0,5,1,-0.12741897525911247,78.0,1,0,80,0.0,17,0.0,1,0.0,160.0,5.0,0,1,2.0
15,15,3,103.0,5,1,-0.12741897525911247,79.0,1,0,80,0.0,16,0.0,1,0.0,141.0,3.0,1,1,2.0
15,15,3,117.0,2,1,1.8530873075601326,69.0,0,0,80,1.0,16,0.0,1,0.0,161.0,3.0,0,1,1.0
15,15,3,44.0,1,1,-0.12741897525911247,71.0,0,0,30,0.0,15,0.0,1,0.0,161.0,4.0,0,1,2.0
15,15,0,138.0,3,1,-0.12741897525911247,45.0,0,0,30,0.0,15,0.0,1,81.0,160.0,2.0,0,0,2.0
15,15,1,68.0,1,0,1.8530873075601326,39.0,0,0,0,1.0,16,0.0,0,0.0,166.0,2.0,0,1,1.0
15,15,2,25.0,4,0,-0.12741897525911247,37.0,0,1,0,1.0,15,0.0,0,0.0,170.0,3.0,0,1,2.0
15,15,5,4.0,3,1,-0.12741897525911247,33.0,0,1,0,1.0,16,0.0,0,0.0,140.0,4.0,1,1,2.0
15,15,1,78.0,5,1,-0.12741897525911247,2.0,1,1,0,1.0,17,0.0,0,85.0,170.0,4.0,1,0,2.0
15,15,5,4.0,3,1,-0.12741897525911247,41.0,0,1,0,1.0,16,0.0,0,0.0,130.0,4.0,0,1,2.0
15,15,0,2.0,3,1,-0.12741897525911247,37.0,0,0,0,1.0,16,0.0,0,79.0,140.0,4.0,1,0,2.0
15,15,0,26.0,1,1,-0.12741897525911247,67.0,0,0,0,1.0,16,0.0,0,55.0,160.0,3.0,1,0,2.0
15,15,2,2.0,3,1,-0.12741897525911247,29.0,0,0,0,1.0,16,0.0,0,65.8,160.0,2.0,0,0,2.0
15,15,1,2.0,3,1,-0.12741897525911247,14.0,0,1,0,1.0,16,0.0,0,65.0,160.0,2.0,0,0,2.0
15,15,2,32.0,1,1,-0.12741897525911247,45.0,0,1,0,1.0,17,0.0,0,70.0,160.0,2.0,1,0,2.0
15,15,0,111.0,2,1,-0.12741897525911247,33.0,0,0,0,1.0,17,0.0,0,52.0,140.0,2.0,0,0,0.0
15,15,0,54.0,1,1,-0.12741897525911247,33.0,0,0,0,1.0,16,0.0,0,55.0,160.0,3.0,1,0,2.0
15,15,0,124.0,0,1,-0.12741897525911247,34.0,0,1,0,1.0,15,0.0,0,89.0,160.0,2.0,0,0,2.0
15,15,0,2.0,3,1,-0.12741897525911247,42.0,0,1,0,1.0,16,0.0,0,65.8,170.0,2.0,0,0,2.0
15,15,0,102.0,5,1,-0.12741897525911247,33.0,1,0,0,1.0,17,0.0,0,80.0,160.0,1.0,0,0,0.0
15,15,0,139.0,3,1,-0.12741897525911247,36.0,0,0,0,1.0,16,0.0,0,31.0,160.0,2.0,1,0,2.0
15,15,2,54.0,1,1,-0.12741897525911247,14.0,0,0,0,1.0,16,0.0,0,0.0,170.0,6.0,1,1,2.0
15,15,5,2.0,3,1,-0.12741897525911247,33.0,1,0,0,1.0,16,0.0,0,0.0,156.0,5.0,0,1,2.0
15,15,2,66.0,1,0,1.8530873075601326,60.0,1,0,0,1.0,15,0.0,1,0.0,141.0,3.0,1,1,1.0
15,15,1,132.0,6,1,-0.12741897525911247,62.0,1,0,0,1.0,16,0.0,0,75.0,130.0,0.0,0,0,0.0
